00000 0
00001 1
00002 2
00003 2
00004 3
00005 2
00006 8
00007 6
00008 5
00009 0
00010 3
00011 4
00012 4
00013 6
00014 8
00015 5
00016 6
00017 3
00018 6
00019 4
00020 4
00021 4
00022 2
00023 1
00024 5
00025 7
00026 8
00027 4
00028 4
00029 1
00030 5
00031 7
00032 7
00033 8
00034 1
00035 0
00036 9
00037 8
00038 0
00039 8
00040 2
00041 0
00042 4
00043 6
00044 2
00045 0
00046 3
00047 3
00048 2
00049 3
00050 2
00051 2
00052 9
00053 3
00054 0
00055 9
00056 9
00057 4
00058 6
00059 0
00060 4
00061 5
00062 4
00063 6
00064 1
00065 1
00066 0
00067 9
00068 5
00069 2
00070 7
00071 3
00072 4
00073 6
00074 5
00075 7
00076 1
00077 6
00078 1
00079 4
00080 9
00081 8
00082 1
00083 2
00084 4
00085 8
00086 9
00087 4
00088 1
00089 6
00090 3
00091 4
00092 2
00093 2
00094 2
00095 6
00096 4
00097 7
00098 7
00099 3
00100 9
00101 3
00102 9
00103 0
00104 8
00105 2
00106 3
00107 8
00108 2
00109 7
00110 5
00111 5
00112 3
00113 2
00114 7
00115 5
00116 0
00117 2
00118 7
00119 1
00120 0
00121 5
00122 4
00123 4
00124 7
00125 0
00126 8
00127 5
00128 0
00129 3
00130 1
00131 7
00132 9
00133 4
00134 9
00135 6
00136 4
00137 4
00138 2
00139 4
00140 3
00141 3
00142 3
00143 2
00144 2
00145 6
00146 0
00147 0
00148 1
00149 3
00150 4
00151 3
00152 3
00153 1
00154 9
00155 3
00156 3
00157 3
00158 9
00159 5
00160 6
00161 7
00162 7
00163 3
00164 2
00165 4
00166 0
00167 8
00168 7
00169 2
00170 2
00171 8
00172 9
00173 0
00174 2
00175 4
00176 4
00177 5
00178 7
00179 9
00180 9
00181 1
00182 3
00183 9
00184 1
00185 5
00186 5
00187 6
00188 0
00189 7
00190 4
00191 9
00192 1
00193 6
00194 0
00195 0
00196 0
00197 4
00198 0
00199 9
00200 0
00201 4
00202 2
00203 5
00204 5
00205 8
00206 6
00207 2
00208 1
00209 9
00210 0
00211 4
00212 7
00213 1
00214 9
00215 5
00216 9
00217 0
00218 2
00219 8
00220 5
00221 7
00222 7
00223 3
00224 2
00225 4
00226 5
00227 7
00228 8
00229 1
00230 9
00231 5
00232 6
00233 2
00234 9
00235 7
00236 4
00237 0
00238 9
00239 2
00240 1
00241 5
00242 7
00243 7
00244 0
00245 2
00246 4
00247 5
00248 3
00249 3
00250 8
00251 1
00252 6
00253 2
00254 4
00255 8
00256 6
00257 9
00258 8
00259 3
00260 3
00261 2
00262 4
00263 2
00264 2
00265 9
00266 3
00267 9
00268 2
00269 8
00270 6
00271 8
00272 8
00273 2
00274 7
00275 2
00276 5
00277 5
00278 9
00279 5
00280 8
00281 2
00282 4
00283 8
00284 4
00285 8
00286 3
00287 1
00288 2
00289 2
00290 2
00291 1
00292 8
00293 1
00294 3
00295 3
00296 4
00297 1
00298 7
00299 0
00300 5
00301 2
00302 0
00303 7
00304 6
00305 6
00306 7
00307 4
00308 7
00309 7
00310 1
00311 6
00312 6
00313 6
00314 7
00315 8
00316 7
00317 0
00318 9
00319 2
00320 0
00321 2
00322 5
00323 0
00324 8
00325 5
00326 8
00327 7
00328 7
00329 4
00330 1
00331 2
00332 9
00333 7
00334 6
00335 0
00336 1
00337 6
00338 3
00339 8
00340 6
00341 5
00342 5
00343 0
00344 9
00345 2
00346 9
00347 8
00348 0
00349 6
00350 9
00351 6
00352 4
00353 3
00354 6
00355 6
00356 6
00357 8
00358 5
00359 9
00360 5
00361 1
00362 2
00363 0
00364 7
00365 1
00366 2
00367 7
00368 5
00369 9
00370 6
00371 2
00372 0
00373 2
00374 2
00375 6
00376 6
00377 7
00378 2
00379 9
00380 8
00381 3
00382 9
00383 7
00384 5
00385 1
00386 4
00387 2
00388 9
00389 5
00390 5
00391 0
00392 3
00393 4
00394 7
00395 4
00396 6
00397 4
00398 0
00399 5
00400 0
00401 6
00402 0
00403 2
00404 3
00405 5
00406 7
00407 0
00408 5
00409 0
00410 9
00411 0
00412 5
00413 6
00414 7
00415 7
00416 5
00417 5
00418 4
00419 4
00420 0
00421 4
00422 0
00423 9
00424 8
00425 4
00426 1
00427 0
00428 6
00429 6
00430 2
00431 9
00432 4
00433 3
00434 1
00435 2
00436 5
00437 8
00438 3
00439 8
00440 2
00441 7
00442 1
00443 2
00444 0
00445 7
00446 8
00447 7
00448 4
00449 5
00450 1
00451 0
00452 3
00453 0
00454 5
00455 8
00456 4
00457 9
00458 9
00459 5
00460 5
00461 8
00462 4
00463 6
00464 3
00465 2
00466 7
00467 1
00468 5
00469 2
00470 5
00471 5
00472 9
00473 6
00474 0
00475 7
00476 6
00477 6
00478 7
00479 6
00480 8
00481 6
00482 3
00483 7
00484 3
00485 1
00486 4
00487 9
00488 7
00489 0
00490 8
00491 6
00492 2
00493 8
00494 8
00495 1
00496 7
00497 1
00498 9
00499 3
00500 8
00501 1
00502 2
00503 2
00504 9
00505 3
00506 8
00507 6
00508 6
00509 4
00510 2
00511 5
00512 7
00513 1
00514 2
00515 0
00516 0
00517 2
00518 9
00519 4
00520 5
00521 2
00522 3
00523 8
00524 4
00525 2
00526 5
00527 5
00528 3
00529 7
00530 1
00531 9
00532 8
00533 9
00534 7
00535 0
00536 4
00537 4
00538 6
00539 1
00540 6
00541 4
00542 4
00543 1
00544 2
00545 7
00546 3
00547 5
00548 9
00549 7
00550 7
00551 1
00552 7
00553 2
00554 2
00555 8
00556 4
00557 4
00558 2
00559 8
00560 8
00561 3
00562 7
00563 3
00564 2
00565 7
00566 8
00567 4
00568 6
00569 6
00570 6
00571 5
00572 9
00573 4
00574 5
00575 8
00576 5
00577 4
00578 1
00579 1
00580 6
00581 7
00582 4
00583 4
00584 5
00585 0
00586 4
00587 2
00588 3
00589 4
00590 3
00591 2
00592 0
00593 2
00594 5
00595 2
00596 9
00597 7
00598 0
00599 1
00600 1
00601 3
00602 7
00603 5
00604 7
00605 8
00606 5
00607 3
00608 0
00609 6
00610 7
00611 9
00612 6
00613 6
00614 6
00615 8
00616 0
00617 1
00618 8
00619 9
00620 1
00621 7
00622 8
00623 7
00624 9
00625 3
00626 1
00627 8
00628 3
00629 5
00630 4
00631 7
00632 9
00633 3
00634 7
00635 9
00636 5
00637 1
00638 3
00639 8
00640 6
00641 9
00642 6
00643 2
00644 6
00645 5
00646 6
00647 6
00648 5
00649 1
00650 3
00651 9
00652 7
00653 3
00654 9
00655 7
00656 4
00657 6
00658 2
00659 3
00660 9
00661 4
00662 1
00663 1
00664 8
00665 7
00666 7
00667 5
00668 8
00669 8
00670 4
00671 5
00672 8
00673 1
00674 4
00675 6
00676 6
00677 7
00678 3
00679 7
00680 6
00681 5
00682 7
00683 1
00684 3
00685 8
00686 3
00687 0
00688 3
00689 8
00690 4
00691 0
00692 1
00693 8
00694 0
00695 7
00696 2
00697 5
00698 0
00699 9
00700 1
00701 1
00702 3
00703 4
00704 7
00705 3
00706 4
00707 7
00708 8
00709 9
00710 0
00711 1
00712 3
00713 5
00714 9
00715 6
00716 3
00717 9
00718 7
00719 1
00720 2
00721 9
00722 0
00723 1
00724 7
00725 0
00726 0
00727 5
00728 1
00729 9
00730 8
00731 7
00732 3
00733 9
00734 1
00735 0
00736 3
00737 8
00738 9
00739 4
00740 9
00741 3
00742 9
00743 3
00744 6
00745 8
00746 0
00747 0
00748 8
00749 9
00750 7
00751 9
00752 0
00753 5
00754 9
00755 2
00756 2
00757 7
00758 7
00759 3
00760 1
00761 9
00762 8
00763 3
00764 4
00765 8
00766 9
00767 1
00768 8
00769 8
00770 0
00771 6
00772 7
00773 1
00774 4
00775 3
00776 3
00777 2
00778 1
00779 4
00780 5
00781 0
00782 7
00783 8
00784 8
00785 8
00786 6
00787 0
00788 2
00789 7
00790 8
00791 1
00792 9
00793 3
00794 5
00795 2
00796 4
00797 8
00798 3
00799 1
00800 1
00801 6
00802 1
00803 4
00804 3
00805 9
00806 9
00807 1
00808 1
00809 5
00810 9
00811 4
00812 5
00813 9
00814 5
00815 5
00816 8
00817 0
00818 3
00819 6
00820 1
00821 7
00822 9
00823 3
00824 5
00825 2
00826 6
00827 5
00828 6
00829 9
00830 8
00831 5
00832 9
00833 2
00834 9
00835 3
00836 8
00837 7
00838 6
00839 5
00840 1
00841 7
00842 0
00843 8
00844 8
00845 9
00846 9
00847 6
00848 2
00849 8
00850 9
00851 7
00852 3
00853 0
00854 4
00855 5
00856 0
00857 0
00858 6
00859 8
00860 9
00861 2
00862 2
00863 8
00864 2
00865 4
00866 6
00867 9
00868 2
00869 9
00870 5
00871 5
00872 9
00873 9
00874 2
00875 7
00876 4
00877 7
00878 8
00879 3
00880 6
00881 1
00882 8
00883 3
00884 0
00885 0
00886 0
00887 2
00888 9
00889 7
00890 3
00891 0
00892 1
00893 7
00894 1
00895 9
00896 8
00897 9
00898 4
00899 6
00900 3
00901 6
00902 3
00903 4
00904 5
00905 5
00906 0
00907 6
00908 6
00909 6
00910 9
00911 1
00912 0
00913 0
00914 1
00915 0
00916 3
00917 5
00918 3
00919 7
00920 6
00921 2
00922 2
00923 8
00924 8
00925 6
00926 2
00927 5
00928 2
00929 8
00930 8
00931 3
00932 2
00933 6
00934 8
00935 6
00936 3
00937 6
00938 1
00939 2
00940 1
00941 3
00942 6
00943 5
00944 2
00945 5
00946 0
00947 4
00948 0
00949 2
00950 9
00951 0
00952 5
00953 0
00954 0
00955 2
00956 1
00957 8
00958 5
00959 0
00960 2
00961 6
00962 3
00963 3
00964 6
00965 3
00966 3
00967 2
00968 6
00969 9
00970 0
00971 3
00972 4
00973 7
00974 6
00975 7
00976 1
00977 4
00978 7
00979 2
00980 3
00981 9
00982 1
00983 3
00984 8
00985 8
00986 4
00987 3
00988 6
00989 9
00990 0
00991 9
00992 6
00993 0
00994 2
00995 9
00996 2
00997 7
00998 4
00999 5
01000 2
01001 2
01002 4
01003 5
01004 2
01005 4
01006 8
01007 5
01008 1
01009 3
01010 8
01011 0
01012 1
01013 8
01014 4
01015 2
01016 8
01017 7
01018 9
01019 0
01020 8
01021 5
01022 9
01023 4
01024 1
01025 6
01026 8
01027 5
01028 2
01029 7
01030 5
01031 1
01032 8
01033 3
01034 5
01035 4
01036 2
01037 7
01038 4
01039 9
01040 2
01041 4
01042 5
01043 7
01044 5
01045 9
01046 8
01047 0
01048 6
01049 2
01050 4
01051 4
01052 7
01053 4
01054 3
01055 2
01056 6
01057 8
01058 8
01059 8
01060 9
01061 7
01062 8
01063 0
01064 7
01065 6
01066 5
01067 3
01068 3
01069 6
01070 5
01071 0
01072 3
01073 3
01074 9
01075 5
01076 1
01077 3
01078 6
01079 7
01080 7
01081 9
01082 8
01083 1
01084 1
01085 7
01086 7
01087 8
01088 7
01089 5
01090 9
01091 4
01092 1
01093 7
01094 3
01095 5
01096 7
01097 6
01098 6
01099 4
01100 4
01101 6
01102 7
01103 8
01104 1
01105 7
01106 0
01107 0
01108 1
01109 0
01110 9
01111 3
01112 9
01113 6
01114 6
01115 1
01116 8
01117 1
01118 6
01119 7
01120 2
01121 6
01122 6
01123 4
01124 5
01125 9
01126 8
01127 1
01128 2
01129 4
01130 6
01131 6
01132 2
01133 5
01134 1
01135 7
01136 3
01137 3
01138 0
01139 9
01140 6
01141 9
01142 5
01143 1
01144 5
01145 7
01146 0
01147 7
01148 6
01149 8
01150 2
01151 9
01152 6
01153 3
01154 9
01155 3
01156 3
01157 0
01158 8
01159 4
01160 0
01161 0
01162 9
01163 2
01164 7
01165 1
01166 5
01167 7
01168 8
01169 2
01170 3
01171 8
01172 9
01173 5
01174 7
01175 4
01176 1
01177 0
01178 1
01179 7
01180 3
01181 6
01182 0
01183 8
01184 2
01185 7
01186 5
01187 5
01188 2
01189 3
01190 4
01191 3
01192 5
01193 9
01194 0
01195 5
01196 7
01197 1
01198 3
01199 9
01200 5
01201 5
01202 7
01203 4
01204 6
01205 9
01206 0
01207 8
01208 6
01209 3
01210 8
01211 7
01212 0
01213 0
01214 1
01215 8
01216 3
01217 7
01218 8
01219 2
01220 4
01221 8
01222 6
01223 8
01224 7
01225 5
01226 7
01227 5
01228 6
01229 5
01230 4
01231 4
01232 1
01233 7
01234 4
01235 9
01236 1
01237 1
01238 3
01239 8
01240 1
01241 9
01242 7
01243 5
01244 7
01245 8
01246 8
01247 9
01248 6
01249 5
01250 2
01251 1
01252 4
01253 5
01254 8
01255 6
01256 4
01257 9
01258 0
01259 9
01260 4
01261 5
01262 6
01263 5
01264 4
01265 6
01266 5
01267 5
01268 7
01269 5
01270 6
01271 5
01272 0
01273 5
01274 1
01275 8
01276 9
01277 6
01278 3
01279 9
01280 6
01281 0
01282 5
01283 6
01284 4
01285 9
01286 3
01287 2
01288 1
01289 9
01290 7
01291 7
01292 2
01293 7
01294 0
01295 1
01296 3
01297 7
01298 7
01299 1
01300 0
01301 4
01302 6
01303 4
01304 5
01305 5
01306 4
01307 2
01308 9
01309 2
01310 8
01311 8
01312 4
01313 6
01314 0
01315 4
01316 6
01317 2
01318 9
01319 5
01320 7
01321 2
01322 5
01323 1
01324 6
01325 6
01326 3
01327 9
01328 8
01329 7
01330 5
01331 0
01332 6
01333 4
01334 2
01335 9
01336 2
01337 8
01338 2
01339 0
01340 6
01341 6
01342 1
01343 2
01344 2
01345 0
01346 2
01347 9
01348 9
01349 9
01350 9
01351 6
01352 1
01353 0
01354 9
01355 1
01356 8
01357 8
01358 8
01359 7
01360 6
01361 5
01362 3
01363 3
01364 2
01365 0
01366 4
01367 1
01368 7
01369 9
01370 1
01371 8
01372 5
01373 9
01374 5
01375 6
01376 1
01377 7
01378 3
01379 6
01380 5
01381 1
01382 6
01383 8
01384 9
01385 6
01386 6
01387 0
01388 9
01389 7
01390 3
01391 8
01392 6
01393 2
01394 2
01395 7
01396 6
01397 8
01398 3
01399 5
01400 2
01401 2
01402 9
01403 2
01404 2
01405 0
01406 0
01407 1
01408 0
01409 0
01410 5
01411 1
01412 4
01413 1
01414 7
01415 6
01416 3
01417 0
01418 1
01419 6
01420 9
01421 6
01422 2
01423 0
01424 5
01425 0
01426 2
01427 2
01428 6
01429 6
01430 0
01431 1
01432 5
01433 3
01434 4
01435 4
01436 4
01437 7
01438 6
01439 9
01440 2
01441 0
01442 7
01443 0
01444 1
01445 0
01446 6
01447 8
01448 2
01449 1
01450 6
01451 1
01452 0
01453 3
01454 4
01455 4
01456 8
01457 2
01458 0
01459 6
01460 3
01461 9
01462 8
01463 9
01464 4
01465 1
01466 5
01467 0
01468 3
01469 3
01470 1
01471 4
01472 4
01473 9
01474 6
01475 2
01476 5
01477 0
01478 9
01479 7
01480 4
01481 0
01482 4
01483 2
01484 9
01485 0
01486 4
01487 2
01488 2
01489 2
01490 8
01491 2
01492 5
01493 1
01494 3
01495 8
01496 3
01497 8
01498 5
01499 1
01500 0
01501 5
01502 4
01503 5
01504 6
01505 3
01506 3
01507 7
01508 9
01509 5
01510 7
01511 4
01512 5
01513 1
01514 1
01515 6
01516 1
01517 1
01518 8
01519 7
01520 1
01521 1
01522 1
01523 8
01524 8
01525 0
01526 5
01527 0
01528 4
01529 6
01530 2
01531 7
01532 5
01533 4
01534 2
01535 5
01536 4
01537 6
01538 9
01539 9
01540 7
01541 5
01542 6
01543 1
01544 3
01545 1
01546 3
01547 2
01548 5
01549 7
01550 1
01551 4
01552 1
01553 5
01554 4
01555 4
01556 4
01557 7
01558 4
01559 7
01560 1
01561 5
01562 6
01563 4
01564 2
01565 6
01566 9
01567 7
01568 0
01569 7
01570 9
01571 3
01572 2
01573 1
01574 7
01575 0
01576 9
01577 6
01578 8
01579 8
01580 5
01581 4
01582 8
01583 2
01584 1
01585 7
01586 7
01587 8
01588 6
01589 7
01590 5
01591 0
01592 3
01593 5
01594 6
01595 7
01596 0
01597 0
01598 7
01599 4
01600 4
01601 6
01602 8
01603 0
01604 1
01605 6
01606 5
01607 3
01608 3
01609 0
01610 4
01611 8
01612 3
01613 9
01614 8
01615 9
01616 2
01617 7
01618 9
01619 5
01620 0
01621 4
01622 9
01623 6
01624 2
01625 8
01626 4
01627 1
01628 4
01629 5
01630 8
01631 1
01632 7
01633 1
01634 1
01635 6
01636 8
01637 8
01638 3
01639 9
01640 4
01641 5
01642 4
01643 6
01644 7
01645 3
01646 3
01647 6
01648 2
01649 4
01650 2
01651 6
01652 2
01653 1
01654 6
01655 8
01656 1
01657 2
01658 3
01659 0
01660 1
01661 4
01662 2
01663 0
01664 3
01665 5
01666 6
01667 6
01668 4
01669 2
01670 4
01671 3
01672 1
01673 1
01674 7
01675 5
01676 9
01677 6
01678 4
01679 7
01680 3
01681 3
01682 3
01683 3
01684 7
01685 0
01686 1
01687 7
01688 7
01689 0
01690 5
01691 0
01692 7
01693 8
01694 2
01695 4
01696 7
01697 4
01698 6
01699 4
01700 9
01701 1
01702 4
01703 4
01704 6
01705 2
01706 4
01707 0
01708 2
01709 1
01710 9
01711 0
01712 3
01713 8
01714 6
01715 1
01716 3
01717 4
01718 8
01719 9
01720 6
01721 9
01722 6
01723 2
01724 5
01725 9
01726 7
01727 4
01728 5
01729 6
01730 2
01731 6
01732 6
01733 8
01734 8
01735 5
01736 6
01737 8
01738 0
01739 0
01740 7
01741 9
01742 5
01743 9
01744 0
01745 5
01746 3
01747 3
01748 9
01749 6
01750 2
01751 5
01752 8
01753 6
01754 7
01755 7
01756 0
01757 9
01758 9
01759 8
01760 6
01761 7
01762 0
01763 6
01764 2
01765 5
01766 0
01767 8
01768 4
01769 3
01770 9
01771 3
01772 0
01773 3
01774 2
01775 1
01776 1
01777 8
01778 9
01779 0
01780 0
01781 7
01782 4
01783 1
01784 6
01785 2
01786 6
01787 2
01788 4
01789 1
01790 1
01791 4
01792 0
01793 9
01794 4
01795 2
01796 9
01797 3
01798 3
01799 6
01800 3
01801 1
01802 1
01803 7
01804 0
01805 6
01806 6
01807 9
01808 7
01809 1
01810 0
01811 4
01812 9
01813 5
01814 1
01815 0
01816 5
01817 2
01818 1
01819 3
01820 5
01821 3
01822 9
01823 2
01824 8
01825 7
01826 4
01827 2
01828 9
01829 4
01830 9
01831 0
01832 4
01833 0
01834 1
01835 2
01836 3
01837 7
01838 6
01839 9
01840 3
01841 3
01842 0
01843 5
01844 1
01845 1
01846 0
01847 3
01848 8
01849 3
01850 6
01851 5
01852 9
01853 1
01854 0
01855 0
01856 3
01857 6
01858 7
01859 0
01860 9
01861 7
01862 2
01863 7
01864 4
01865 2
01866 1
01867 9
01868 7
01869 2
01870 8
01871 3
01872 1
01873 0
01874 2
01875 7
01876 3
01877 0
01878 3
01879 0
01880 5
01881 8
01882 6
01883 9
01884 9
01885 5
01886 6
01887 2
01888 0
01889 1
01890 3
01891 0
01892 4
01893 9
01894 2
01895 4
01896 8
01897 6
01898 4
01899 9
01900 9
01901 0
01902 5
01903 5
01904 2
01905 5
01906 3
01907 3
01908 9
01909 4
01910 0
01911 4
01912 3
01913 9
01914 6
01915 7
01916 3
01917 7
01918 8
01919 4
01920 3
01921 5
01922 1
01923 2
01924 7
01925 6
01926 9
01927 6
01928 7
01929 3
01930 5
01931 9
01932 6
01933 8
01934 7
01935 9
01936 3
01937 4
01938 6
01939 2
01940 4
01941 7
01942 9
01943 5
01944 8
01945 0
01946 3
01947 5
01948 3
01949 1
01950 8
01951 8
01952 2
01953 7
01954 5
01955 2
01956 7
01957 3
01958 3
01959 5
01960 9
01961 6
01962 5
01963 2
01964 6
01965 3
01966 4
01967 4
01968 2
01969 9
01970 8
01971 0
01972 1
01973 6
01974 4
01975 1
01976 9
01977 8
01978 8
01979 0
01980 3
01981 8
01982 6
01983 7
01984 5
01985 9
01986 5
01987 1
01988 3
01989 3
01990 4
01991 4
01992 1
01993 0
01994 7
01995 2
01996 5
01997 2
01998 5
01999 8
02000 8
02001 5
02002 3
02003 4
02004 9
02005 5
02006 8
02007 7
02008 6
02009 4
02010 2
02011 8
02012 9
02013 0
02014 3
02015 0
02016 6
02017 5
02018 0
02019 5
02020 6
02021 3
02022 1
02023 5
02024 5
02025 3
02026 4
02027 0
02028 9
02029 2
02030 4
02031 9
02032 0
02033 0
02034 3
02035 5
02036 6
02037 0
02038 8
02039 0
02040 5
02041 6
02042 1
02043 3
02044 6
02045 2
02046 8
02047 3
02048 8
02049 2
02050 9
02051 2
02052 8
02053 7
02054 1
02055 9
02056 7
02057 6
02058 5
02059 8
02060 7
02061 4
02062 4
02063 3
02064 8
02065 9
02066 0
02067 3
02068 8
02069 3
02070 1
02071 0
02072 3
02073 2
02074 7
02075 3
02076 2
02077 2
02078 2
02079 7
02080 3
02081 1
02082 3
02083 4
02084 9
02085 0
02086 2
02087 4
02088 0
02089 1
02090 0
02091 5
02092 1
02093 2
02094 4
02095 0
02096 9
02097 7
02098 3
02099 9
02100 3
02101 8
02102 1
02103 3
02104 4
02105 9
02106 3
02107 3
02108 2
02109 5
02110 1
02111 1
02112 7
02113 8
02114 0
02115 6
02116 2
02117 9
02118 3
02119 2
02120 5
02121 0
02122 1
02123 8
02124 4
02125 0
02126 4
02127 1
02128 0
02129 7
02130 0
02131 8
02132 5
02133 6
02134 0
02135 6
02136 8
02137 0
02138 0
02139 6
02140 7
02141 9
02142 6
02143 6
02144 0
02145 6
02146 3
02147 3
02148 4
02149 3
02150 3
02151 9
02152 7
02153 1
02154 9
02155 7
02156 4
02157 2
02158 8
02159 7
02160 5
02161 5
02162 5
02163 8
02164 8
02165 9
02166 8
02167 3
02168 2
02169 6
02170 2
02171 0
02172 6
02173 6
02174 2
02175 5
02176 8
02177 3
02178 5
02179 6
02180 7
02181 2
02182 9
02183 3
02184 0
02185 8
02186 2
02187 7
02188 8
02189 0
02190 9
02191 6
02192 1
02193 7
02194 6
02195 3
02196 5
02197 1
02198 0
02199 3
02200 6
02201 7
02202 9
02203 9
02204 9
02205 0
02206 3
02207 6
02208 3
02209 4
02210 9
02211 0
02212 1
02213 0
02214 6
02215 0
02216 1
02217 2
02218 8
02219 1
02220 2
02221 0
02222 0
02223 8
02224 4
02225 0
02226 4
02227 2
02228 9
02229 9
02230 5
02231 2
02232 1
02233 4
02234 7
02235 3
02236 5
02237 3
02238 5
02239 6
02240 9
02241 0
02242 7
02243 4
02244 5
02245 3
02246 2
02247 9
02248 4
02249 2
02250 8
02251 0
02252 3
02253 1
02254 8
02255 1
02256 6
02257 4
02258 8
02259 0
02260 1
02261 3
02262 4
02263 5
02264 9
02265 9
02266 8
02267 6
02268 3
02269 3
02270 2
02271 1
02272 4
02273 6
02274 9
02275 5
02276 6
02277 5
02278 7
02279 2
02280 4
02281 8
02282 0
02283 0
02284 7
02285 7
02286 8
02287 3
02288 4
02289 1
02290 4
02291 6
02292 4
02293 8
02294 4
02295 3
02296 0
02297 8
02298 2
02299 5
02300 5
02301 2
02302 8
02303 5
02304 7
02305 9
02306 8
02307 1
02308 3
02309 6
02310 4
02311 7
02312 1
02313 6
02314 9
02315 4
02316 9
02317 3
02318 8
02319 1
02320 9
02321 5
02322 7
02323 8
02324 6
02325 4
02326 5
02327 2
02328 4
02329 3
02330 3
02331 3
02332 9
02333 7
02334 6
02335 6
02336 6
02337 5
02338 3
02339 8
02340 3
02341 3
02342 2
02343 8
02344 8
02345 4
02346 8
02347 8
02348 6
02349 7
02350 6
02351 2
02352 7
02353 5
02354 3
02355 4
02356 5
02357 1
02358 5
02359 4
02360 7
02361 3
02362 3
02363 6
02364 4
02365 0
02366 3
02367 4
02368 5
02369 1
02370 1
02371 9
02372 0
02373 4
02374 9
02375 6
02376 3
02377 8
02378 5
02379 8
02380 3
02381 0
02382 3
02383 4
02384 2
02385 4
02386 2
02387 4
02388 1
02389 7
02390 5
02391 3
02392 9
02393 6
02394 0
02395 0
02396 3
02397 4
02398 0
02399 8
02400 2
02401 3
02402 9
02403 6
02404 9
02405 7
02406 1
02407 9
02408 9
02409 8
02410 8
02411 9
02412 5
02413 2
02414 1
02415 0
02416 1
02417 6
02418 9
02419 4
02420 0
02421 2
02422 1
02423 5
02424 0
02425 0
02426 8
02427 7
02428 8
02429 6
02430 9
02431 5
02432 2
02433 1
02434 4
02435 1
02436 1
02437 6
02438 2
02439 0
02440 1
02441 1
02442 6
02443 7
02444 0
02445 3
02446 9
02447 9
02448 3
02449 8
02450 1
02451 2
02452 8
02453 1
02454 8
02455 5
02456 9
02457 8
02458 4
02459 1
02460 3
02461 4
02462 5
02463 8
02464 8
02465 6
02466 5
02467 0
02468 9
02469 1
02470 7
02471 1
02472 2
02473 2
02474 0
02475 9
02476 3
02477 1
02478 8
02479 3
02480 1
02481 6
02482 7
02483 1
02484 1
02485 5
02486 5
02487 6
02488 6
02489 4
02490 6
02491 9
02492 0
02493 8
02494 6
02495 5
02496 2
02497 9
02498 1
02499 8
02500 8
02501 3
02502 5
02503 5
02504 0
02505 8
02506 8
02507 5
02508 3
02509 0
02510 7
02511 5
02512 8
02513 0
02514 5
02515 3
02516 6
02517 4
02518 2
02519 8
02520 3
02521 0
02522 2
02523 2
02524 3
02525 4
02526 5
02527 9
02528 9
02529 4
02530 9
02531 8
02532 4
02533 0
02534 9
02535 4
02536 8
02537 9
02538 1
02539 6
02540 9
02541 5
02542 2
02543 7
02544 7
02545 3
02546 3
02547 6
02548 1
02549 2
02550 2
02551 3
02552 2
02553 0
02554 0
02555 6
02556 9
02557 5
02558 9
02559 9
02560 6
02561 4
02562 3
02563 8
02564 6
02565 6
02566 5
02567 9
02568 3
02569 6
02570 0
02571 8
02572 5
02573 5
02574 1
02575 2
02576 0
02577 5
02578 1
02579 7
02580 3
02581 2
02582 9
02583 1
02584 4
02585 8
02586 9
02587 9
02588 0
02589 4
02590 5
02591 5
02592 4
02593 1
02594 3
02595 5
02596 8
02597 6
02598 7
02599 5
02600 7
02601 2
02602 5
02603 6
02604 2
02605 9
02606 8
02607 8
02608 9
02609 7
02610 6
02611 6
02612 2
02613 1
02614 3
02615 4
02616 8
02617 8
02618 3
02619 3
02620 9
02621 8
02622 7
02623 6
02624 3
02625 4
02626 7
02627 5
02628 8
02629 0
02630 3
02631 1
02632 2
02633 0
02634 4
02635 4
02636 9
02637 7
02638 5
02639 0
02640 2
02641 3
02642 6
02643 7
02644 7
02645 7
02646 0
02647 6
02648 4
02649 7
02650 9
02651 8
02652 9
02653 8
02654 2
02655 9
02656 5
02657 8
02658 9
02659 8
02660 2
02661 2
02662 6
02663 0
02664 3
02665 2
02666 9
02667 2
02668 6
02669 7
02670 4
02671 3
02672 2
02673 2
02674 6
02675 9
02676 1
02677 8
02678 2
02679 8
02680 1
02681 0
02682 5
02683 1
02684 0
02685 4
02686 1
02687 6
02688 3
02689 6
02690 3
02691 4
02692 6
02693 5
02694 3
02695 5
02696 4
02697 1
02698 6
02699 4
02700 5
02701 2
02702 7
02703 4
02704 6
02705 3
02706 9
02707 3
02708 9
02709 1
02710 2
02711 7
02712 1
02713 8
02714 5
02715 1
02716 5
02717 2
02718 3
02719 4
02720 1
02721 1
02722 6
02723 4
02724 5
02725 9
02726 9
02727 7
02728 3
02729 0
02730 4
02731 5
02732 2
02733 0
02734 8
02735 3
02736 9
02737 7
02738 9
02739 5
02740 2
02741 8
02742 8
02743 0
02744 8
02745 5
02746 5
02747 2
02748 1
02749 4
02750 9
02751 5
02752 1
02753 5
02754 5
02755 9
02756 3
02757 6
02758 5
02759 5
02760 5
02761 0
02762 9
02763 0
02764 1
02765 4
02766 4
02767 9
02768 8
02769 3
02770 3
02771 9
02772 8
02773 4
02774 8
02775 7
02776 1
02777 4
02778 3
02779 4
02780 8
02781 6
02782 8
02783 9
02784 3
02785 1
02786 5
02787 0
02788 4
02789 6
02790 5
02791 1
02792 5
02793 3
02794 8
02795 3
02796 9
02797 7
02798 9
02799 4
02800 2
02801 0
02802 7
02803 7
02804 3
02805 3
02806 2
02807 6
02808 0
02809 9
02810 9
02811 4
02812 3
02813 0
02814 7
02815 1
02816 9
02817 8
02818 4
02819 2
02820 0
02821 9
02822 7
02823 9
02824 1
02825 0
02826 8
02827 4
02828 6
02829 2
02830 9
02831 1
02832 0
02833 7
02834 9
02835 1
02836 7
02837 4
02838 7
02839 1
02840 4
02841 8
02842 8
02843 6
02844 9
02845 2
02846 6
02847 7
02848 7
02849 4
02850 4
02851 7
02852 9
02853 0
02854 2
02855 5
02856 5
02857 1
02858 0
02859 0
02860 7
02861 4
02862 9
02863 7
02864 1
02865 8
02866 8
02867 2
02868 8
02869 1
02870 6
02871 7
02872 1
02873 4
02874 3
02875 6
02876 0
02877 0
02878 6
02879 8
02880 2
02881 0
02882 5
02883 4
02884 2
02885 0
02886 8
02887 5
02888 4
02889 2
02890 7
02891 1
02892 5
02893 8
02894 8
02895 0
02896 9
02897 1
02898 4
02899 3
02900 4
02901 3
02902 3
02903 3
02904 1
02905 5
02906 1
02907 9
02908 2
02909 6
02910 2
02911 8
02912 4
02913 4
02914 5
02915 0
02916 2
02917 4
02918 2
02919 0
02920 7
02921 3
02922 4
02923 0
02924 8
02925 8
02926 7
02927 5
02928 0
02929 9
02930 4
02931 1
02932 7
02933 5
02934 0
02935 4
02936 2
02937 0
02938 8
02939 1
02940 2
02941 9
02942 6
02943 5
02944 0
02945 9
02946 3
02947 0
02948 2
02949 9
02950 0
02951 5
02952 9
02953 6
02954 5
02955 2
02956 1
02957 6
02958 2
02959 0
02960 0
02961 4
02962 3
02963 9
02964 6
02965 0
02966 8
02967 7
02968 7
02969 5
02970 4
02971 0
02972 5
02973 6
02974 6
02975 8
02976 1
02977 7
02978 6
02979 3
02980 7
02981 9
02982 9
02983 8
02984 4
02985 6
02986 9
02987 5
02988 9
02989 2
02990 5
02991 0
02992 4
02993 8
02994 4
02995 1
02996 9
02997 0
02998 2
02999 3
03000 6
03001 6
03002 1
03003 0
03004 2
03005 8
03006 8
03007 9
03008 1
03009 6
03010 7
03011 0
03012 3
03013 7
03014 6
03015 0
03016 8
03017 2
03018 5
03019 3
03020 1
03021 4
03022 9
03023 8
03024 9
03025 5
03026 9
03027 6
03028 5
03029 7
03030 1
03031 5
03032 9
03033 5
03034 5
03035 6
03036 0
03037 7
03038 8
03039 0
03040 6
03041 3
03042 5
03043 6
03044 1
03045 6
03046 7
03047 8
03048 5
03049 6
03050 6
03051 2
03052 2
03053 8
03054 3
03055 9
03056 4
03057 3
03058 7
03059 2
03060 9
03061 6
03062 0
03063 7
03064 9
03065 8
03066 5
03067 3
03068 2
03069 8
03070 2
03071 7
03072 6
03073 7
03074 3
03075 3
03076 8
03077 5
03078 5
03079 1
03080 4
03081 2
03082 7
03083 6
03084 5
03085 9
03086 6
03087 1
03088 3
03089 5
03090 5
03091 4
03092 5
03093 3
03094 6
03095 6
03096 0
03097 4
03098 3
03099 8
03100 4
03101 3
03102 1
03103 3
03104 2
03105 8
03106 6
03107 4
03108 4
03109 2
03110 6
03111 6
03112 3
03113 1
03114 9
03115 6
03116 0
03117 2
03118 4
03119 0
03120 2
03121 9
03122 1
03123 0
03124 8
03125 4
03126 3
03127 7
03128 9
03129 9
03130 4
03131 4
03132 4
03133 4
03134 7
03135 2
03136 1
03137 6
03138 3
03139 2
03140 7
03141 2
03142 1
03143 9
03144 6
03145 3
03146 2
03147 7
03148 6
03149 1
03150 4
03151 5
03152 2
03153 1
03154 1
03155 1
03156 8
03157 8
03158 8
03159 1
03160 9
03161 0
03162 6
03163 3
03164 4
03165 3
03166 0
03167 0
03168 4
03169 9
03170 4
03171 6
03172 9
03173 3
03174 5
03175 4
03176 6
03177 1
03178 5
03179 4
03180 9
03181 0
03182 1
03183 0
03184 7
03185 4
03186 5
03187 3
03188 4
03189 0
03190 7
03191 8
03192 8
03193 0
03194 1
03195 5
03196 5
03197 4
03198 0
03199 7
03200 7
03201 0
03202 9
03203 7
03204 7
03205 7
03206 0
03207 6
03208 0
03209 2
03210 3
03211 3
03212 6
03213 5
03214 9
03215 6
03216 2
03217 9
03218 4
03219 5
03220 4
03221 9
03222 5
03223 9
03224 9
03225 2
03226 6
03227 4
03228 3
03229 3
03230 9
03231 9
03232 3
03233 9
03234 2
03235 8
03236 1
03237 5
03238 8
03239 0
03240 2
03241 9
03242 5
03243 6
03244 2
03245 2
03246 1
03247 5
03248 3
03249 3
03250 9
03251 5
03252 2
03253 4
03254 0
03255 4
03256 4
03257 4
03258 6
03259 2
03260 7
03261 9
03262 0
03263 2
03264 7
03265 5
03266 3
03267 1
03268 2
03269 1
03270 0
03271 1
03272 6
03273 1
03274 0
03275 7
03276 5
03277 1
03278 1
03279 8
03280 7
03281 3
03282 8
03283 8
03284 4
03285 6
03286 7
03287 1
03288 9
03289 7
03290 5
03291 0
03292 5
03293 9
03294 8
03295 5
03296 2
03297 2
03298 4
03299 2
03300 5
03301 1
03302 8
03303 2
03304 1
03305 3
03306 1
03307 9
03308 0
03309 3
03310 5
03311 1
03312 2
03313 1
03314 7
03315 2
03316 1
03317 5
03318 2
03319 6
03320 1
03321 8
03322 4
03323 9
03324 4
03325 1
03326 1
03327 8
03328 3
03329 4
03330 1
03331 5
03332 5
03333 6
03334 1
03335 8
03336 6
03337 7
03338 3
03339 6
03340 5
03341 4
03342 2
03343 9
03344 9
03345 4
03346 7
03347 6
03348 4
03349 1
03350 6
03351 3
03352 7
03353 3
03354 9
03355 1
03356 0
03357 9
03358 6
03359 3
03360 8
03361 5
03362 3
03363 4
03364 2
03365 8
03366 0
03367 2
03368 0
03369 6
03370 3
03371 9
03372 2
03373 7
03374 9
03375 6
03376 6
03377 8
03378 6
03379 8
03380 8
03381 2
03382 8
03383 0
03384 4
03385 8
03386 6
03387 8
03388 6
03389 7
03390 4
03391 1
03392 6
03393 9
03394 0
03395 1
03396 1
03397 5
03398 5
03399 7
03400 8
03401 3
03402 8
03403 1
03404 9
03405 1
03406 9
03407 1
03408 2
03409 1
03410 6
03411 6
03412 5
03413 7
03414 9
03415 0
03416 3
03417 5
03418 6
03419 8
03420 3
03421 8
03422 7
03423 1
03424 7
03425 2
03426 2
03427 6
03428 5
03429 3
03430 3
03431 5
03432 5
03433 6
03434 8
03435 7
03436 5
03437 7
03438 7
03439 9
03440 5
03441 1
03442 4
03443 8
03444 0
03445 6
03446 3
03447 0
03448 9
03449 6
03450 8
03451 6
03452 5
03453 0
03454 8
03455 0
03456 2
03457 4
03458 5
03459 8
03460 0
03461 3
03462 2
03463 8
03464 4
03465 1
03466 4
03467 1
03468 4
03469 8
03470 1
03471 3
03472 3
03473 4
03474 4
03475 4
03476 4
03477 7
03478 4
03479 7
03480 0
03481 9
03482 8
03483 5
03484 3
03485 0
03486 8
03487 8
03488 2
03489 1
03490 6
03491 5
03492 4
03493 1
03494 7
03495 8
03496 2
03497 2
03498 9
03499 7
03500 2
03501 7
03502 5
03503 8
03504 2
03505 3
03506 5
03507 2
03508 8
03509 4
03510 9
03511 0
03512 6
03513 9
03514 1
03515 6
03516 0
03517 3
03518 4
03519 8
03520 3
03521 7
03522 5
03523 2
03524 4
03525 3
03526 2
03527 8
03528 0
03529 3
03530 3
03531 7
03532 6
03533 4
03534 0
03535 3
03536 6
03537 4
03538 3
03539 9
03540 4
03541 8
03542 7
03543 3
03544 6
03545 1
03546 5
03547 5
03548 6
03549 7
03550 6
03551 1
03552 0
03553 1
03554 0
03555 8
03556 8
03557 5
03558 0
03559 4
03560 3
03561 5
03562 0
03563 7
03564 1
03565 8
03566 9
03567 1
03568 2
03569 3
03570 9
03571 8
03572 7
03573 5
03574 3
03575 4
03576 2
03577 7
03578 8
03579 7
03580 0
03581 4
03582 7
03583 3
03584 0
03585 8
03586 8
03587 8
03588 8
03589 6
03590 0
03591 8
03592 6
03593 6
03594 6
03595 6
03596 6
03597 7
03598 5
03599 5
03600 1
03601 5
03602 2
03603 1
03604 7
03605 9
03606 0
03607 0
03608 6
03609 2
03610 9
03611 2
03612 1
03613 2
03614 5
03615 0
03616 1
03617 7
03618 3
03619 8
03620 7
03621 8
03622 1
03623 0
03624 1
03625 9
03626 6
03627 5
03628 8
03629 4
03630 6
03631 6
03632 4
03633 0
03634 2
03635 8
03636 0
03637 1
03638 5
03639 8
03640 8
03641 1
03642 9
03643 7
03644 1
03645 4
03646 8
03647 7
03648 9
03649 2
03650 9
03651 4
03652 4
03653 6
03654 5
03655 5
03656 3
03657 2
03658 9
03659 9
03660 8
03661 6
03662 4
03663 8
03664 3
03665 3
03666 6
03667 5
03668 7
03669 9
03670 0
03671 6
03672 0
03673 7
03674 9
03675 7
03676 7
03677 8
03678 0
03679 8
03680 7
03681 6
03682 3
03683 2
03684 0
03685 1
03686 3
03687 2
03688 5
03689 4
03690 7
03691 3
03692 6
03693 4
03694 9
03695 8
03696 2
03697 3
03698 5
03699 7
03700 6
03701 1
03702 0
03703 2
03704 8
03705 4
03706 5
03707 6
03708 5
03709 4
03710 7
03711 6
03712 7
03713 1
03714 5
03715 2
03716 8
03717 7
03718 8
03719 6
03720 1
03721 8
03722 3
03723 9
03724 8
03725 0
03726 3
03727 3
03728 7
03729 9
03730 8
03731 3
03732 3
03733 8
03734 2
03735 5
03736 1
03737 9
03738 7
03739 5
03740 1
03741 4
03742 6
03743 6
03744 8
03745 6
03746 8
03747 9
03748 6
03749 9
03750 6
03751 1
03752 4
03753 2
03754 1
03755 5
03756 9
03757 3
03758 2
03759 4
03760 4
03761 6
03762 0
03763 6
03764 5
03765 9
03766 5
03767 7
03768 4
03769 2
03770 1
03771 6
03772 5
03773 4
03774 1
03775 6
03776 7
03777 6
03778 5
03779 8
03780 0
03781 3
03782 5
03783 9
03784 3
03785 7
03786 5
03787 3
03788 8
03789 9
03790 4
03791 7
03792 4
03793 8
03794 3
03795 2
03796 8
03797 7
03798 3
03799 3
03800 4
03801 4
03802 5
03803 8
03804 0
03805 6
03806 6
03807 8
03808 1
03809 9
03810 6
03811 2
03812 7
03813 7
03814 9
03815 0
03816 9
03817 1
03818 5
03819 0
03820 6
03821 9
03822 0
03823 8
03824 4
03825 5
03826 3
03827 0
03828 4
03829 1
03830 9
03831 6
03832 3
03833 4
03834 5
03835 2
03836 2
03837 2
03838 3
03839 8
03840 9
03841 2
03842 8
03843 3
03844 8
03845 2
03846 2
03847 6
03848 9
03849 8
03850 6
03851 4
03852 0
03853 8
03854 3
03855 7
03856 7
03857 9
03858 6
03859 9
03860 1
03861 0
03862 4
03863 4
03864 2
03865 6
03866 3
03867 2
03868 0
03869 8
03870 3
03871 0
03872 1
03873 8
03874 5
03875 1
03876 2
03877 5
03878 5
03879 6
03880 7
03881 4
03882 8
03883 0
03884 3
03885 4
03886 7
03887 1
03888 4
03889 2
03890 0
03891 8
03892 3
03893 0
03894 1
03895 8
03896 0
03897 8
03898 6
03899 0
03900 2
03901 6
03902 6
03903 0
03904 0
03905 1
03906 7
03907 0
03908 6
03909 3
03910 8
03911 6
03912 4
03913 8
03914 0
03915 7
03916 6
03917 7
03918 3
03919 0
03920 0
03921 9
03922 4
03923 2
03924 3
03925 1
03926 5
03927 2
03928 3
03929 1
03930 6
03931 8
03932 3
03933 1
03934 0
03935 0
03936 3
03937 5
03938 1
03939 1
03940 6
03941 8
03942 9
03943 4
03944 4
03945 0
03946 8
03947 4
03948 0
03949 5
03950 3
03951 9
03952 8
03953 0
03954 5
03955 5
03956 9
03957 2
03958 1
03959 1
03960 8
03961 1
03962 6
03963 4
03964 8
03965 8
03966 5
03967 0
03968 7
03969 6
03970 1
03971 1
03972 6
03973 2
03974 9
03975 2
03976 8
03977 8
03978 9
03979 0
03980 4
03981 3
03982 0
03983 1
03984 5
03985 3
03986 6
03987 5
03988 4
03989 9
03990 4
03991 1
03992 4
03993 3
03994 4
03995 2
03996 7
03997 7
03998 4
03999 6
04000 0
04001 7
04002 3
04003 1
04004 5
04005 1
04006 8
04007 7
04008 7
04009 5
04010 8
04011 3
04012 9
04013 1
04014 8
04015 4
04016 3
04017 0
04018 7
04019 9
04020 3
04021 1
04022 2
04023 0
04024 4
04025 3
04026 2
04027 6
04028 3
04029 2
04030 7
04031 9
04032 2
04033 7
04034 0
04035 2
04036 4
04037 6
04038 8
04039 2
04040 1
04041 6
04042 4
04043 8
04044 7
04045 3
04046 9
04047 7
04048 5
04049 7
04050 3
04051 5
04052 6
04053 9
04054 3
04055 7
04056 5
04057 7
04058 6
04059 9
04060 8
04061 6
04062 1
04063 5
04064 2
04065 4
04066 4
04067 6
04068 5
04069 3
04070 8
04071 2
04072 0
04073 6
04074 1
04075 9
04076 2
04077 4
04078 9
04079 7
04080 0
04081 3
04082 1
04083 3
04084 7
04085 3
04086 7
04087 0
04088 7
04089 8
04090 0
04091 9
04092 6
04093 5
04094 3
04095 8
04096 3
04097 5
04098 7
04099 4
04100 2
04101 0
04102 5
04103 3
04104 1
04105 4
04106 5
04107 5
04108 0
04109 8
04110 6
04111 0
04112 8
04113 3
04114 5
04115 2
04116 1
04117 7
04118 6
04119 7
04120 5
04121 1
04122 9
04123 7
04124 5
04125 9
04126 8
04127 3
04128 1
04129 5
04130 5
04131 5
04132 9
04133 9
04134 7
04135 2
04136 7
04137 9
04138 5
04139 1
04140 1
04141 4
04142 2
04143 0
04144 3
04145 7
04146 7
04147 8
04148 6
04149 9
04150 0
04151 4
04152 1
04153 6
04154 9
04155 7
04156 8
04157 0
04158 9
04159 7
04160 9
04161 2
04162 9
04163 7
04164 1
04165 4
04166 3
04167 0
04168 6
04169 3
04170 7
04171 8
04172 7
04173 7
04174 6
04175 1
04176 7
04177 9
04178 8
04179 5
04180 8
04181 3
04182 2
04183 5
04184 8
04185 5
04186 9
04187 9
04188 0
04189 1
04190 1
04191 6
04192 0
04193 9
04194 0
04195 8
04196 5
04197 3
04198 1
04199 5
04200 1
04201 4
04202 4
04203 6
04204 1
04205 5
04206 3
04207 1
04208 6
04209 0
04210 8
04211 6
04212 4
04213 7
04214 6
04215 2
04216 2
04217 8
04218 5
04219 9
04220 6
04221 6
04222 0
04223 3
04224 6
04225 7
04226 3
04227 8
04228 4
04229 3
04230 3
04231 6
04232 8
04233 4
04234 1
04235 5
04236 2
04237 3
04238 0
04239 0
04240 1
04241 7
04242 9
04243 1
04244 6
04245 9
04246 4
04247 0
04248 3
04249 9
04250 4
04251 0
04252 6
04253 8
04254 0
04255 0
04256 7
04257 0
04258 2
04259 1
04260 4
04261 3
04262 3
04263 1
04264 4
04265 6
04266 3
04267 8
04268 4
04269 6
04270 4
04271 9
04272 5
04273 1
04274 5
04275 5
04276 9
04277 7
04278 9
04279 9
04280 9
04281 2
04282 3
04283 9
04284 7
04285 3
04286 4
04287 9
04288 4
04289 8
04290 6
04291 6
04292 4
04293 9
04294 9
04295 5
04296 3
04297 4
04298 5
04299 7
04300 1
04301 8
04302 8
04303 6
04304 4
04305 1
04306 6
04307 4
04308 2
04309 1
04310 1
04311 3
04312 7
04313 2
04314 7
04315 1
04316 6
04317 2
04318 7
04319 9
04320 0
04321 9
04322 9
04323 4
04324 1
04325 3
04326 2
04327 3
04328 4
04329 7
04330 8
04331 2
04332 7
04333 0
04334 2
04335 0
04336 6
04337 6
04338 3
04339 6
04340 4
04341 4
04342 7
04343 8
04344 9
04345 4
04346 8
04347 7
04348 6
04349 3
04350 8
04351 6
04352 5
04353 3
04354 1
04355 5
04356 6
04357 1
04358 3
04359 2
04360 0
04361 5
04362 9
04363 0
04364 0
04365 1
04366 3
04367 3
04368 8
04369 4
04370 5
04371 9
04372 6
04373 9
04374 4
04375 2
04376 1
04377 7
04378 8
04379 7
04380 4
04381 2
04382 0
04383 0
04384 4
04385 6
04386 9
04387 9
04388 6
04389 9
04390 7
04391 0
04392 4
04393 6
04394 2
04395 2
04396 2
04397 7
04398 2
04399 6
04400 3
04401 0
04402 6
04403 6
04404 3
04405 3
04406 6
04407 1
04408 3
04409 1
04410 5
04411 1
04412 9
04413 6
04414 2
04415 4
04416 4
04417 2
04418 8
04419 3
04420 4
04421 4
04422 8
04423 3
04424 3
04425 7
04426 7
04427 2
04428 5
04429 2
04430 5
04431 1
04432 6
04433 7
04434 1
04435 3
04436 4
04437 2
04438 8
04439 9
04440 5
04441 0
04442 8
04443 0
04444 3
04445 2
04446 8
04447 1
04448 1
04449 2
04450 5
04451 0
04452 6
04453 5
04454 3
04455 0
04456 9
04457 0
04458 5
04459 1
04460 7
04461 1
04462 5
04463 9
04464 8
04465 6
04466 0
04467 6
04468 9
04469 8
04470 8
04471 3
04472 3
04473 7
04474 0
04475 8
04476 3
04477 7
04478 3
04479 7
04480 9
04481 5
04482 0
04483 0
04484 1
04485 6
04486 9
04487 7
04488 9
04489 1
04490 2
04491 4
04492 5
04493 6
04494 5
04495 8
04496 8
04497 9
04498 2
04499 1
04500 3
04501 6
04502 0
04503 2
04504 8
04505 3
04506 8
04507 2
04508 9
04509 2
04510 2
04511 9
04512 7
04513 5
04514 2
04515 4
04516 1
04517 3
04518 2
04519 4
04520 0
04521 9
04522 0
04523 0
04524 7
04525 4
04526 8
04527 7
04528 6
04529 7
04530 8
04531 4
04532 2
04533 0
04534 6
04535 6
04536 6
04537 3
04538 8
04539 5
04540 8
04541 0
04542 0
04543 1
04544 5
04545 0
04546 1
04547 7
04548 8
04549 9
04550 2
04551 9
04552 0
04553 1
04554 5
04555 6
04556 2
04557 4
04558 0
04559 4
04560 7
04561 1
04562 7
04563 0
04564 8
04565 1
04566 1
04567 9
04568 7
04569 2
04570 9
04571 4
04572 6
04573 0
04574 9
04575 4
04576 1
04577 7
04578 1
04579 1
04580 7
04581 0
04582 1
04583 4
04584 4
04585 1
04586 1
04587 1
04588 5
04589 5
04590 9
04591 5
04592 5
04593 8
04594 7
04595 5
04596 1
04597 8
04598 6
04599 3
04600 9
04601 8
04602 4
04603 9
04604 9
04605 9
04606 4
04607 3
04608 0
04609 2
04610 7
04611 9
04612 0
04613 6
04614 1
04615 9
04616 4
04617 6
04618 1
04619 7
04620 1
04621 3
04622 7
04623 2
04624 7
04625 0
04626 5
04627 9
04628 2
04629 0
04630 6
04631 4
04632 5
04633 4
04634 2
04635 9
04636 8
04637 6
04638 3
04639 7
04640 8
04641 4
04642 1
04643 0
04644 4
04645 0
04646 9
04647 0
04648 5
04649 2
04650 8
04651 0
04652 1
04653 5
04654 8
04655 1
04656 1
04657 9
04658 2
04659 5
04660 3
04661 9
04662 9
04663 9
04664 4
04665 6
04666 4
04667 4
04668 8
04669 6
04670 0
04671 7
04672 4
04673 4
04674 5
04675 8
04676 7
04677 9
04678 8
04679 4
04680 0
04681 2
04682 9
04683 1
04684 9
04685 3
04686 1
04687 0
04688 9
04689 0
04690 3
04691 3
04692 4
04693 2
04694 7
04695 5
04696 3
04697 3
04698 1
04699 7
04700 4
04701 7
04702 8
04703 8
04704 0
04705 6
04706 5
04707 8
04708 8
04709 6
04710 8
04711 8
04712 5
04713 4
04714 0
04715 9
04716 5
04717 2
04718 5
04719 8
04720 4
04721 2
04722 7
04723 1
04724 1
04725 3
04726 1
04727 6
04728 0
04729 0
04730 8
04731 6
04732 1
04733 3
04734 8
04735 1
04736 4
04737 9
04738 0
04739 1
04740 8
04741 8
04742 0
04743 1
04744 3
04745 8
04746 4
04747 7
04748 0
04749 5
04750 1
04751 7
04752 4
04753 2
04754 3
04755 1
04756 2
04757 0
04758 6
04759 3
04760 5
04761 3
04762 7
04763 7
04764 8
04765 4
04766 0
04767 6
04768 5
04769 3
04770 9
04771 8
04772 7
04773 2
04774 0
04775 5
04776 1
04777 5
04778 7
04779 5
04780 7
04781 9
04782 5
04783 0
04784 5
04785 0
04786 9
04787 4
04788 1
04789 6
04790 4
04791 0
04792 1
04793 4
04794 4
04795 4
04796 0
04797 9
04798 2
04799 2
04800 9
04801 3
04802 4
04803 0
04804 2
04805 7
04806 7
04807 9
04808 8
04809 0
04810 1
04811 2
04812 8
04813 9
04814 8
04815 2
04816 4
04817 8
04818 2
04819 1
04820 9
04821 1
04822 9
04823 1
04824 8
04825 1
04826 1
04827 4
04828 2
04829 2
04830 2
04831 9
04832 4
04833 6
04834 2
04835 1
04836 7
04837 1
04838 0
04839 9
04840 0
04841 3
04842 7
04843 4
04844 6
04845 0
04846 4
04847 0
04848 3
04849 9
04850 3
04851 9
04852 0
04853 1
04854 7
04855 8
04856 7
04857 8
04858 6
04859 6
04860 1
04861 1
04862 4
04863 7
04864 4
04865 3
04866 3
04867 1
04868 5
04869 3
04870 2
04871 9
04872 9
04873 3
04874 2
04875 4
04876 4
04877 9
04878 8
04879 2
04880 8
04881 2
04882 8
04883 9
04884 6
04885 0
04886 2
04887 6
04888 9
04889 3
04890 9
04891 8
04892 4
04893 0
04894 2
04895 2
04896 9
04897 6
04898 7
04899 2
04900 4
04901 1
04902 2
04903 5
04904 2
04905 9
04906 5
04907 0
04908 5
04909 8
04910 8
04911 0
04912 4
04913 7
04914 4
04915 5
04916 1
04917 9
04918 1
04919 6
04920 9
04921 3
04922 1
04923 9
04924 0
04925 9
04926 2
04927 4
04928 7
04929 7
04930 1
04931 0
04932 5
04933 2
04934 4
04935 2
04936 0
04937 7
04938 2
04939 6
04940 8
04941 0
04942 5
04943 9
04944 1
04945 2
04946 1
04947 3
04948 2
04949 4
04950 9
04951 2
04952 3
04953 5
04954 5
04955 6
04956 5
04957 0
04958 4
04959 2
04960 3
04961 0
04962 6
04963 6
04964 0
04965 8
04966 2
04967 2
04968 0
04969 6
04970 6
04971 2
04972 3
04973 8
04974 6
04975 2
04976 6
04977 5
04978 4
04979 4
04980 0
04981 7
04982 0
04983 6
04984 8
04985 7
04986 2
04987 2
04988 2
04989 6
04990 2
04991 4
04992 7
04993 7
04994 3
04995 4
04996 9
04997 2
04998 6
04999 9
05000 1
05001 2
05002 4
05003 1
05004 9
05005 2
05006 5
05007 0
05008 9
05009 3
05010 0
05011 8
05012 3
05013 0
05014 0
05015 7
05016 6
05017 9
05018 2
05019 5
05020 7
05021 8
05022 0
05023 7
05024 2
05025 5
05026 8
05027 2
05028 3
05029 6
05030 4
05031 9
05032 8
05033 7
05034 0
05035 4
05036 5
05037 9
05038 8
05039 2
05040 5
05041 8
05042 0
05043 9
05044 0
05045 0
05046 8
05047 3
05048 4
05049 4
05050 2
05051 3
05052 7
05053 5
05054 7
05055 6
05056 5
05057 9
05058 6
05059 1
05060 1
05061 9
05062 7
05063 4
05064 7
05065 2
05066 1
05067 2
05068 5
05069 9
05070 6
05071 2
05072 6
05073 8
05074 7
05075 5
05076 2
05077 6
05078 5
05079 2
05080 4
05081 5
05082 4
05083 4
05084 8
05085 0
05086 6
05087 2
05088 1
05089 7
05090 6
05091 4
05092 7
05093 8
05094 2
05095 1
05096 4
05097 4
05098 7
05099 3
05100 5
05101 5
05102 7
05103 4
05104 1
05105 0
05106 2
05107 4
05108 9
05109 6
05110 1
05111 1
05112 7
05113 4
05114 8
05115 2
05116 2
05117 5
05118 8
05119 3
05120 6
05121 6
05122 1
05123 2
05124 5
05125 5
05126 4
05127 2
05128 6
05129 0
05130 3
05131 1
05132 3
05133 3
05134 7
05135 6
05136 7
05137 7
05138 9
05139 4
05140 3
05141 7
05142 2
05143 3
05144 9
05145 0
05146 1
05147 6
05148 3
05149 0
05150 4
05151 9
05152 2
05153 7
05154 1
05155 6
05156 6
05157 8
05158 4
05159 4
05160 6
05161 2
05162 4
05163 8
05164 7
05165 8
05166 7
05167 4
05168 2
05169 4
05170 8
05171 5
05172 6
05173 5
05174 0
05175 2
05176 3
05177 3
05178 5
05179 6
05180 0
05181 1
05182 3
05183 3
05184 6
05185 4
05186 3
05187 6
05188 5
05189 6
05190 9
05191 8
05192 5
05193 6
05194 8
05195 9
05196 7
05197 6
05198 5
05199 3
05200 7
05201 8
05202 1
05203 0
05204 5
05205 3
05206 9
05207 1
05208 6
05209 3
05210 9
05211 0
05212 0
05213 4
05214 8
05215 5
05216 7
05217 4
05218 5
05219 8
05220 2
05221 6
05222 2
05223 6
05224 6
05225 2
05226 6
05227 7
05228 5
05229 1
05230 5
05231 4
05232 3
05233 4
05234 4
05235 4
05236 4
05237 3
05238 7
05239 3
05240 1
05241 5
05242 5
05243 5
05244 7
05245 3
05246 8
05247 0
05248 6
05249 9
05250 6
05251 7
05252 8
05253 0
05254 2
05255 6
05256 8
05257 4
05258 6
05259 7
05260 4
05261 0
05262 4
05263 0
05264 8
05265 6
05266 4
05267 7
05268 2
05269 3
05270 8
05271 7
05272 5
05273 3
05274 0
05275 9
05276 9
05277 2
05278 8
05279 5
05280 9
05281 1
05282 5
05283 3
05284 3
05285 1
05286 2
05287 1
05288 1
05289 9
05290 8
05291 3
05292 8
05293 5
05294 7
05295 7
05296 1
05297 7
05298 1
05299 7
05300 7
05301 3
05302 6
05303 8
05304 5
05305 5
05306 6
05307 5
05308 8
05309 0
05310 9
05311 4
05312 8
05313 8
05314 2
05315 1
05316 2
05317 8
05318 2
05319 3
05320 9
05321 9
05322 2
05323 7
05324 1
05325 3
05326 2
05327 7
05328 3
05329 0
05330 0
05331 3
05332 3
05333 4
05334 8
05335 5
05336 5
05337 0
05338 0
05339 8
05340 8
05341 0
05342 6
05343 7
05344 2
05345 2
05346 0
05347 1
05348 2
05349 0
05350 3
05351 6
05352 1
05353 1
05354 8
05355 2
05356 1
05357 3
05358 6
05359 1
05360 7
05361 7
05362 1
05363 7
05364 3
05365 6
05366 2
05367 4
05368 8
05369 1
05370 7
05371 5
05372 1
05373 9
05374 3
05375 5
05376 9
05377 0
05378 6
05379 5
05380 8
05381 5
05382 7
05383 0
05384 0
05385 4
05386 6
05387 5
05388 4
05389 8
05390 2
05391 2
05392 5
05393 8
05394 3
05395 9
05396 4
05397 4
05398 9
05399 5
05400 7
05401 1
05402 5
05403 7
05404 7
05405 4
05406 3
05407 9
05408 5
05409 6
05410 1
05411 7
05412 9
05413 2
05414 8
05415 9
05416 4
05417 3
05418 2
05419 6
05420 8
05421 6
05422 3
05423 8
05424 4
05425 7
05426 4
05427 6
05428 4
05429 2
05430 8
05431 8
05432 9
05433 5
05434 1
05435 9
05436 8
05437 5
05438 6
05439 3
05440 7
05441 5
05442 0
05443 3
05444 5
05445 5
05446 0
05447 7
05448 5
05449 6
05450 8
05451 3
05452 2
05453 8
05454 5
05455 9
05456 1
05457 1
05458 8
05459 0
05460 7
05461 3
05462 9
05463 9
05464 7
05465 9
05466 1
05467 1
05468 3
05469 0
05470 5
05471 5
05472 5
05473 9
05474 2
05475 8
05476 7
05477 8
05478 1
05479 9
05480 0
05481 6
05482 7
05483 9
05484 6
05485 7
05486 1
05487 3
05488 8
05489 8
05490 2
05491 0
05492 5
05493 7
05494 3
05495 5
05496 5
05497 3
05498 2
05499 4
05500 4
05501 1
05502 2
05503 4
05504 3
05505 1
05506 6
05507 8
05508 6
05509 1
05510 7
05511 4
05512 2
05513 6
05514 1
05515 2
05516 1
05517 7
05518 7
05519 3
05520 9
05521 3
05522 5
05523 8
05524 3
05525 5
05526 5
05527 6
05528 6
05529 7
05530 9
05531 7
05532 3
05533 1
05534 4
05535 6
05536 2
05537 4
05538 6
05539 0
05540 7
05541 8
05542 5
05543 4
05544 3
05545 8
05546 7
05547 8
05548 0
05549 3
05550 3
05551 8
05552 3
05553 6
05554 4
05555 7
05556 9
05557 0
05558 6
05559 2
05560 0
05561 2
05562 5
05563 1
05564 9
05565 6
05566 5
05567 7
05568 3
05569 6
05570 9
05571 3
05572 2
05573 0
05574 7
05575 0
05576 5
05577 6
05578 7
05579 7
05580 7
05581 3
05582 4
05583 8
05584 3
05585 9
05586 8
05587 2
05588 9
05589 8
05590 9
05591 6
05592 8
05593 7
05594 8
05595 5
05596 0
05597 1
05598 9
05599 0
05600 4
05601 4
05602 7
05603 4
05604 2
05605 0
05606 9
05607 1
05608 3
05609 0
05610 8
05611 7
05612 8
05613 3
05614 7
05615 1
05616 7
05617 7
05618 1
05619 6
05620 5
05621 4
05622 9
05623 8
05624 4
05625 4
05626 6
05627 7
05628 6
05629 3
05630 3
05631 5
05632 4
05633 8
05634 9
05635 6
05636 3
05637 7
05638 4
05639 7
05640 6
05641 1
05642 3
05643 4
05644 2
05645 8
05646 9
05647 0
05648 3
05649 9
05650 5
05651 5
05652 7
05653 4
05654 8
05655 1
05656 8
05657 7
05658 8
05659 9
05660 1
05661 0
05662 0
05663 0
05664 4
05665 9
05666 4
05667 5
05668 5
05669 6
05670 1
05671 1
05672 1
05673 4
05674 4
05675 3
05676 6
05677 1
05678 9
05679 4
05680 4
05681 2
05682 7
05683 1
05684 1
05685 2
05686 2
05687 9
05688 8
05689 2
05690 1
05691 2
05692 0
05693 4
05694 1
05695 7
05696 3
05697 4
05698 7
05699 3
05700 0
05701 0
05702 3
05703 1
05704 9
05705 6
05706 9
05707 3
05708 4
05709 7
05710 5
05711 9
05712 6
05713 9
05714 3
05715 4
05716 5
05717 4
05718 1
05719 4
05720 1
05721 5
05722 5
05723 8
05724 9
05725 3
05726 6
05727 9
05728 9
05729 5
05730 8
05731 8
05732 4
05733 4
05734 2
05735 4
05736 2
05737 7
05738 2
05739 2
05740 4
05741 8
05742 7
05743 6
05744 2
05745 3
05746 0
05747 5
05748 7
05749 0
05750 0
05751 4
05752 0
05753 4
05754 8
05755 8
05756 9
05757 7
05758 7
05759 7
05760 9
05761 5
05762 6
05763 3
05764 7
05765 8
05766 2
05767 8
05768 8
05769 2
05770 1
05771 6
05772 7
05773 3
05774 6
05775 7
05776 6
05777 6
05778 4
05779 9
05780 9
05781 5
05782 9
05783 7
05784 2
05785 0
05786 6
05787 0
05788 0
05789 6
05790 2
05791 1
05792 6
05793 9
05794 4
05795 4
05796 7
05797 1
05798 1
05799 6
05800 4
05801 7
05802 9
05803 6
05804 1
05805 6
05806 9
05807 2
05808 8
05809 9
05810 9
05811 0
05812 2
05813 5
05814 4
05815 8
05816 4
05817 3
05818 5
05819 7
05820 6
05821 9
05822 4
05823 2
05824 5
05825 5
05826 0
05827 9
05828 5
05829 9
05830 4
05831 8
05832 1
05833 7
05834 1
05835 0
05836 2
05837 9
05838 3
05839 6
05840 0
05841 6
05842 2
05843 6
05844 9
05845 9
05846 6
05847 1
05848 7
05849 1
05850 2
05851 4
05852 4
05853 3
05854 7
05855 8
05856 7
05857 5
05858 7
05859 6
05860 4
05861 4
05862 4
05863 0
05864 2
05865 8
05866 1
05867 3
05868 1
05869 6
05870 9
05871 3
05872 7
05873 5
05874 6
05875 5
05876 2
05877 4
05878 4
05879 8
05880 8
05881 4
05882 0
05883 3
05884 1
05885 1
05886 1
05887 0
05888 5
05889 5
05890 6
05891 7
05892 9
05893 6
05894 9
05895 3
05896 1
05897 9
05898 1
05899 3
05900 3
05901 4
05902 6
05903 9
05904 7
05905 8
05906 8
05907 1
05908 6
05909 1
05910 4
05911 0
05912 3
05913 2
05914 7
05915 3
05916 9
05917 6
05918 7
05919 9
05920 4
05921 0
05922 7
05923 5
05924 3
05925 2
05926 0
05927 6
05928 0
05929 0
05930 6
05931 1
05932 1
05933 9
05934 3
05935 2
05936 0
05937 5
05938 3
05939 5
05940 7
05941 8
05942 6
05943 6
05944 0
05945 4
05946 2
05947 2
05948 3
05949 2
05950 0
05951 6
05952 5
05953 1
05954 3
05955 6
05956 9
05957 2
05958 2
05959 4
05960 6
05961 4
05962 1
05963 3
05964 0
05965 6
05966 9
05967 3
05968 7
05969 6
05970 1
05971 7
05972 1
05973 2
05974 7
05975 4
05976 2
05977 1
05978 7
05979 8
05980 6
05981 9
05982 9
05983 1
05984 2
05985 9
05986 1
05987 5
05988 5
05989 6
05990 0
05991 7
05992 2
05993 8
05994 5
05995 9
05996 0
05997 3
05998 7
05999 1
06000 9
06001 8
06002 2
06003 8
06004 4
06005 9
06006 0
06007 3
06008 4
06009 4
06010 3
06011 3
06012 0
06013 7
06014 7
06015 3
06016 4
06017 6
06018 7
06019 1
06020 3
06021 7
06022 8
06023 9
06024 2
06025 5
06026 1
06027 6
06028 8
06029 1
06030 8
06031 9
06032 8
06033 2
06034 6
06035 9
06036 2
06037 0
06038 0
06039 7
06040 9
06041 4
06042 1
06043 4
06044 3
06045 1
06046 4
06047 8
06048 8
06049 7
06050 6
06051 2
06052 5
06053 9
06054 0
06055 8
06056 7
06057 8
06058 6
06059 3
06060 2
06061 3
06062 0
06063 1
06064 8
06065 1
06066 5
06067 3
06068 7
06069 1
06070 8
06071 6
06072 7
06073 5
06074 3
06075 4
06076 0
06077 8
06078 6
06079 3
06080 7
06081 9
06082 4
06083 9
06084 9
06085 0
06086 6
06087 3
06088 3
06089 1
06090 5
06091 5
06092 3
06093 8
06094 0
06095 6
06096 5
06097 8
06098 1
06099 1
06100 2
06101 3
06102 7
06103 2
06104 0
06105 6
06106 3
06107 2
06108 5
06109 9
06110 2
06111 4
06112 9
06113 7
06114 2
06115 1
06116 1
06117 2
06118 7
06119 7
06120 4
06121 8
06122 6
06123 7
06124 7
06125 6
06126 8
06127 1
06128 3
06129 2
06130 3
06131 1
06132 2
06133 2
06134 2
06135 2
06136 7
06137 5
06138 8
06139 6
06140 1
06141 3
06142 0
06143 9
06144 0
06145 9
06146 7
06147 6
06148 9
06149 0
06150 8
06151 8
06152 5
06153 6
06154 1
06155 3
06156 5
06157 9
06158 3
06159 0
06160 8
06161 2
06162 5
06163 0
06164 5
06165 0
06166 1
06167 3
06168 7
06169 2
06170 1
06171 9
06172 0
06173 9
06174 3
06175 6
06176 1
06177 5
06178 9
06179 4
06180 2
06181 9
06182 3
06183 4
06184 7
06185 6
06186 7
06187 6
06188 3
06189 1
06190 6
06191 5
06192 0
06193 2
06194 2
06195 3
06196 8
06197 1
06198 7
06199 7
06200 7
06201 9
06202 3
06203 4
06204 8
06205 5
06206 8
06207 1
06208 2
06209 3
06210 1
06211 2
06212 2
06213 7
06214 0
06215 3
06216 5
06217 5
06218 5
06219 1
06220 7
06221 6
06222 2
06223 1
06224 9
06225 6
06226 1
06227 5
06228 9
06229 2
06230 7
06231 8
06232 6
06233 1
06234 9
06235 9
06236 6
06237 8
06238 2
06239 5
06240 3
06241 8
06242 2
06243 6
06244 9
06245 1
06246 3
06247 5
06248 4
06249 1
06250 8
06251 5
06252 4
06253 8
06254 7
06255 4
06256 4
06257 0
06258 3
06259 0
06260 6
06261 5
06262 4
06263 5
06264 4
06265 6
06266 8
06267 5
06268 6
06269 7
06270 7
06271 3
06272 0
06273 9
06274 8
06275 1
06276 7
06277 0
06278 5
06279 0
06280 8
06281 1
06282 4
06283 2
06284 5
06285 9
06286 4
06287 2
06288 4
06289 5
06290 1
06291 4
06292 5
06293 1
06294 4
06295 4
06296 4
06297 1
06298 5
06299 6
06300 6
06301 9
06302 2
06303 3
06304 9
06305 9
06306 0
06307 9
06308 8
06309 7
06310 8
06311 1
06312 3
06313 9
06314 9
06315 4
06316 1
06317 4
06318 8
06319 3
06320 0
06321 3
06322 8
06323 3
06324 4
06325 2
06326 7
06327 8
06328 8
06329 7
06330 9
06331 8
06332 8
06333 3
06334 0
06335 4
06336 9
06337 7
06338 8
06339 1
06340 1
06341 6
06342 4
06343 6
06344 5
06345 3
06346 7
06347 1
06348 5
06349 2
06350 1
06351 3
06352 2
06353 6
06354 9
06355 1
06356 3
06357 0
06358 6
06359 8
06360 5
06361 0
06362 0
06363 6
06364 7
06365 8
06366 8
06367 4
06368 3
06369 7
06370 0
06371 5
06372 3
06373 0
06374 5
06375 2
06376 2
06377 9
06378 5
06379 1
06380 5
06381 4
06382 5
06383 5
06384 4
06385 5
06386 6
06387 3
06388 1
06389 6
06390 2
06391 5
06392 2
06393 6
06394 0
06395 0
06396 3
06397 3
06398 2
06399 8
06400 6
06401 1
06402 5
06403 8
06404 0
06405 8
06406 8
06407 7
06408 9
06409 3
06410 3
06411 5
06412 9
06413 7
06414 2
06415 9
06416 9
06417 9
06418 4
06419 3
06420 1
06421 3
06422 5
06423 2
06424 8
06425 6
06426 8
06427 7
06428 6
06429 4
06430 6
06431 1
06432 5
06433 8
06434 4
06435 3
06436 3
06437 0
06438 7
06439 6
06440 3
06441 1
06442 2
06443 3
06444 3
06445 7
06446 3
06447 8
06448 6
06449 6
06450 6
06451 1
06452 6
06453 6
06454 4
06455 3
06456 9
06457 3
06458 7
06459 5
06460 3
06461 6
06462 9
06463 6
06464 9
06465 4
06466 9
06467 2
06468 3
06469 5
06470 8
06471 6
06472 1
06473 0
06474 2
06475 9
06476 2
06477 8
06478 8
06479 2
06480 8
06481 0
06482 1
06483 1
06484 9
06485 6
06486 5
06487 3
06488 3
06489 8
06490 3
06491 2
06492 4
06493 8
06494 9
06495 4
06496 1
06497 0
06498 0
06499 1
06500 2
06501 3
06502 3
06503 4
06504 0
06505 4
06506 7
06507 1
06508 1
06509 3
06510 5
06511 3
06512 3
06513 5
06514 6
06515 2
06516 9
06517 5
06518 7
06519 2
06520 8
06521 8
06522 5
06523 1
06524 6
06525 1
06526 0
06527 8
06528 7
06529 2
06530 8
06531 0
06532 8
06533 4
06534 5
06535 5
06536 6
06537 2
06538 5
06539 4
06540 9
06541 0
06542 5
06543 2
06544 7
06545 9
06546 9
06547 2
06548 3
06549 1
06550 7
06551 6
06552 5
06553 7
06554 1
06555 5
06556 8
06557 8
06558 1
06559 4
06560 6
06561 4
06562 9
06563 1
06564 1
06565 8
06566 3
06567 6
06568 1
06569 6
06570 3
06571 3
06572 0
06573 2
06574 3
06575 3
06576 4
06577 2
06578 0
06579 2
06580 9
06581 8
06582 5
06583 4
06584 7
06585 2
06586 1
06587 9
06588 7
06589 0
06590 5
06591 2
06592 5
06593 2
06594 7
06595 0
06596 1
06597 0
06598 0
06599 7
06600 6
06601 4
06602 8
06603 3
06604 3
06605 8
06606 3
06607 3
06608 2
06609 0
06610 2
06611 8
06612 1
06613 2
06614 6
06615 2
06616 2
06617 0
06618 2
06619 5
06620 8
06621 8
06622 3
06623 6
06624 8
06625 5
06626 0
06627 0
06628 4
06629 0
06630 7
06631 4
06632 9
06633 0
06634 2
06635 0
06636 2
06637 1
06638 6
06639 4
06640 7
06641 2
06642 3
06643 7
06644 1
06645 2
06646 2
06647 9
06648 1
06649 0
06650 9
06651 4
06652 6
06653 5
06654 2
06655 0
06656 2
06657 1
06658 4
06659 1
06660 2
06661 3
06662 3
06663 0
06664 7
06665 0
06666 7
06667 8
06668 0
06669 2
06670 7
06671 5
06672 0
06673 4
06674 2
06675 3
06676 4
06677 2
06678 9
06679 7
06680 6
06681 5
06682 1
06683 1
06684 2
06685 9
06686 4
06687 5
06688 8
06689 2
06690 7
06691 3
06692 9
06693 1
06694 1
06695 3
06696 0
06697 3
06698 3
06699 8
06700 7
06701 1
06702 5
06703 5
06704 3
06705 3
06706 7
06707 6
06708 2
06709 3
06710 5
06711 1
06712 0
06713 7
06714 4
06715 5
06716 2
06717 3
06718 1
06719 0
06720 7
06721 2
06722 4
06723 3
06724 9
06725 1
06726 4
06727 7
06728 5
06729 2
06730 2
06731 3
06732 0
06733 6
06734 1
06735 8
06736 5
06737 3
06738 5
06739 3
06740 6
06741 8
06742 7
06743 6
06744 7
06745 9
06746 1
06747 8
06748 3
06749 1
06750 9
06751 1
06752 2
06753 6
06754 3
06755 3
06756 6
06757 5
06758 4
06759 2
06760 5
06761 1
06762 2
06763 7
06764 1
06765 5
06766 1
06767 5
06768 2
06769 3
06770 3
06771 3
06772 5
06773 0
06774 2
06775 1
06776 5
06777 0
06778 2
06779 1
06780 5
06781 4
06782 7
06783 3
06784 3
06785 2
06786 5
06787 7
06788 2
06789 8
06790 7
06791 9
06792 1
06793 5
06794 6
06795 4
06796 8
06797 2
06798 3
06799 2
06800 7
06801 9
06802 4
06803 5
06804 8
06805 2
06806 1
06807 1
06808 9
06809 9
06810 6
06811 4
06812 9
06813 8
06814 5
06815 3
06816 4
06817 9
06818 8
06819 0
06820 4
06821 4
06822 6
06823 8
06824 4
06825 6
06826 0
06827 6
06828 7
06829 9
06830 6
06831 3
06832 9
06833 6
06834 2
06835 7
06836 4
06837 6
06838 5
06839 2
06840 8
06841 7
06842 7
06843 6
06844 5
06845 2
06846 6
06847 2
06848 9
06849 4
06850 2
06851 8
06852 2
06853 2
06854 4
06855 0
06856 8
06857 1
06858 9
06859 6
06860 0
06861 3
06862 9
06863 7
06864 8
06865 1
06866 5
06867 3
06868 1
06869 4
06870 2
06871 1
06872 2
06873 4
06874 5
06875 0
06876 8
06877 9
06878 8
06879 7
06880 6
06881 5
06882 5
06883 6
06884 2
06885 9
06886 0
06887 3
06888 3
06889 8
06890 7
06891 7
06892 0
06893 0
06894 4
06895 1
06896 6
06897 0
06898 6
06899 2
06900 3
06901 7
06902 7
06903 9
06904 1
06905 4
06906 5
06907 6
06908 5
06909 5
06910 4
06911 9
06912 6
06913 1
06914 7
06915 8
06916 7
06917 1
06918 2
06919 7
06920 3
06921 4
06922 9
06923 0
06924 4
06925 6
06926 5
06927 6
06928 8
06929 1
06930 0
06931 8
06932 2
06933 1
06934 8
06935 2
06936 5
06937 2
06938 2
06939 7
06940 8
06941 5
06942 3
06943 5
06944 3
06945 3
06946 4
06947 6
06948 4
06949 9
06950 2
06951 3
06952 9
06953 3
06954 9
06955 1
06956 3
06957 0
06958 6
06959 9
06960 5
06961 2
06962 4
06963 8
06964 7
06965 1
06966 3
06967 7
06968 8
06969 4
06970 4
06971 1
06972 7
06973 5
06974 2
06975 1
06976 3
06977 3
06978 4
06979 5
06980 4
06981 6
06982 5
06983 0
06984 7
06985 9
06986 2
06987 7
06988 7
06989 7
06990 2
06991 8
06992 5
06993 9
06994 3
06995 8
06996 9
06997 8
06998 9
06999 5
07000 6
07001 2
07002 3
07003 6
07004 7
07005 4
07006 6
07007 7
07008 1
07009 4
07010 1
07011 5
07012 5
07013 1
07014 5
07015 8
07016 2
07017 5
07018 0
07019 9
07020 6
07021 8
07022 1
07023 8
07024 1
07025 3
07026 2
07027 6
07028 6
07029 6
07030 7
07031 4
07032 6
07033 6
07034 6
07035 4
07036 2
07037 8
07038 8
07039 2
07040 9
07041 2
07042 8
07043 9
07044 7
07045 2
07046 9
07047 6
07048 3
07049 5
07050 0
07051 3
07052 6
07053 3
07054 6
07055 1
07056 2
07057 5
07058 2
07059 7
07060 4
07061 6
07062 7
07063 7
07064 6
07065 5
07066 1
07067 7
07068 5
07069 4
07070 2
07071 2
07072 8
07073 8
07074 5
07075 3
07076 1
07077 0
07078 0
07079 3
07080 2
07081 1
07082 3
07083 3
07084 8
07085 1
07086 3
07087 2
07088 3
07089 9
07090 5
07091 8
07092 1
07093 8
07094 2
07095 7
07096 9
07097 7
07098 5
07099 6
07100 2
07101 2
07102 3
07103 1
07104 3
07105 6
07106 2
07107 1
07108 8
07109 0
07110 4
07111 9
07112 7
07113 1
07114 0
07115 6
07116 6
07117 7
07118 5
07119 8
07120 4
07121 3
07122 2
07123 7
07124 6
07125 0
07126 3
07127 2
07128 9
07129 7
07130 1
07131 2
07132 3
07133 7
07134 9
07135 9
07136 2
07137 4
07138 7
07139 4
07140 6
07141 8
07142 9
07143 5
07144 0
07145 4
07146 7
07147 2
07148 9
07149 5
07150 5
07151 0
07152 6
07153 3
07154 3
07155 0
07156 2
07157 7
07158 1
07159 4
07160 1
07161 6
07162 8
07163 5
07164 0
07165 2
07166 2
07167 9
07168 4
07169 0
07170 9
07171 0
07172 6
07173 9
07174 6
07175 5
07176 6
07177 0
07178 1
07179 3
07180 4
07181 1
07182 8
07183 6
07184 5
07185 7
07186 8
07187 7
07188 4
07189 3
07190 0
07191 8
07192 2
07193 4
07194 1
07195 3
07196 6
07197 7
07198 8
07199 8
07200 0
07201 0
07202 4
07203 0
07204 6
07205 0
07206 1
07207 2
07208 3
07209 7
07210 4
07211 7
07212 0
07213 9
07214 5
07215 7
07216 3
07217 1
07218 9
07219 6
07220 5
07221 7
07222 4
07223 1
07224 1
07225 1
07226 5
07227 9
07228 3
07229 7
07230 9
07231 8
07232 5
07233 7
07234 9
07235 1
07236 9
07237 7
07238 7
07239 9
07240 4
07241 3
07242 1
07243 1
07244 7
07245 8
07246 9
07247 3
07248 9
07249 6
07250 3
07251 2
07252 0
07253 1
07254 9
07255 0
07256 7
07257 9
07258 1
07259 5
07260 9
07261 1
07262 1
07263 2
07264 3
07265 0
07266 0
07267 3
07268 9
07269 9
07270 7
07271 3
07272 9
07273 2
07274 6
07275 9
07276 7
07277 7
07278 9
07279 0
07280 6
07281 0
07282 4
07283 8
07284 0
07285 7
07286 8
07287 3
07288 3
07289 6
07290 7
07291 0
07292 8
07293 5
07294 3
07295 0
07296 6
07297 0
07298 9
07299 5
07300 7
07301 3
07302 4
07303 5
07304 1
07305 4
07306 0
07307 7
07308 1
07309 8
07310 3
07311 3
07312 5
07313 5
07314 0
07315 4
07316 1
07317 7
07318 3
07319 5
07320 0
07321 7
07322 1
07323 9
07324 4
07325 4
07326 6
07327 1
07328 2
07329 4
07330 5
07331 3
07332 7
07333 1
07334 6
07335 4
07336 8
07337 6
07338 0
07339 6
07340 9
07341 8
07342 3
07343 1
07344 3
07345 5
07346 7
07347 3
07348 9
07349 3
07350 0
07351 4
07352 9
07353 3
07354 1
07355 7
07356 3
07357 5
07358 9
07359 0
07360 3
07361 4
07362 7
07363 5
07364 2
07365 1
07366 2
07367 1
07368 7
07369 9
07370 6
07371 2
07372 6
07373 6
07374 9
07375 8
07376 8
07377 6
07378 6
07379 0
07380 5
07381 6
07382 6
07383 7
07384 0
07385 0
07386 8
07387 5
07388 5
07389 4
07390 3
07391 0
07392 9
07393 4
07394 1
07395 1
07396 1
07397 5
07398 2
07399 6
07400 0
07401 7
07402 5
07403 0
07404 0
07405 7
07406 2
07407 9
07408 5
07409 1
07410 5
07411 1
07412 5
07413 7
07414 0
07415 1
07416 9
07417 8
07418 4
07419 1
07420 2
07421 0
07422 7
07423 8
07424 1
07425 9
07426 9
07427 2
07428 7
07429 7
07430 0
07431 9
07432 2
07433 8
07434 7
07435 8
07436 6
07437 6
07438 7
07439 1
07440 3
07441 2
07442 0
07443 5
07444 3
07445 1
07446 3
07447 1
07448 9
07449 8
07450 9
07451 0
07452 0
07453 0
07454 1
07455 6
07456 8
07457 8
07458 6
07459 5
07460 0
07461 7
07462 0
07463 4
07464 8
07465 8
07466 8
07467 1
07468 5
07469 4
07470 3
07471 2
07472 5
07473 2
07474 5
07475 6
07476 6
07477 7
07478 3
07479 8
07480 2
07481 0
07482 0
07483 4
07484 0
07485 5
07486 2
07487 4
07488 0
07489 4
07490 9
07491 6
07492 1
07493 9
07494 3
07495 8
07496 9
07497 3
07498 4
07499 8
07500 7
07501 7
07502 5
07503 0
07504 6
07505 0
07506 7
07507 9
07508 9
07509 4
07510 1
07511 2
07512 9
07513 9
07514 1
07515 5
07516 2
07517 2
07518 8
07519 8
07520 6
07521 6
07522 0
07523 0
07524 3
07525 7
07526 2
07527 9
07528 6
07529 9
07530 6
07531 3
07532 7
07533 4
07534 7
07535 8
07536 6
07537 2
07538 7
07539 0
07540 2
07541 2
07542 9
07543 4
07544 2
07545 2
07546 4
07547 0
07548 1
07549 7
07550 4
07551 4
07552 5
07553 3
07554 6
07555 9
07556 6
07557 0
07558 2
07559 9
07560 8
07561 7
07562 1
07563 5
07564 5
07565 6
07566 8
07567 4
07568 6
07569 7
07570 3
07571 3
07572 3
07573 5
07574 1
07575 5
07576 3
07577 2
07578 0
07579 4
07580 4
07581 9
07582 8
07583 3
07584 8
07585 8
07586 2
07587 8
07588 0
07589 8
07590 6
07591 4
07592 4
07593 8
07594 3
07595 0
07596 8
07597 4
07598 2
07599 4
07600 0
07601 3
07602 5
07603 4
07604 1
07605 9
07606 0
07607 0
07608 3
07609 9
07610 8
07611 1
07612 2
07613 1
07614 0
07615 0
07616 0
07617 6
07618 1
07619 6
07620 5
07621 1
07622 4
07623 0
07624 3
07625 4
07626 7
07627 3
07628 4
07629 4
07630 6
07631 1
07632 7
07633 9
07634 9
07635 6
07636 1
07637 3
07638 3
07639 7
07640 9
07641 7
07642 7
07643 7
07644 9
07645 0
07646 0
07647 2
07648 6
07649 8
07650 1
07651 9
07652 1
07653 0
07654 0
07655 1
07656 0
07657 3
07658 4
07659 2
07660 5
07661 5
07662 4
07663 9
07664 8
07665 3
07666 1
07667 5
07668 4
07669 2
07670 5
07671 8
07672 7
07673 6
07674 6
07675 6
07676 9
07677 7
07678 7
07679 9
07680 3
07681 6
07682 4
07683 7
07684 1
07685 9
07686 8
07687 8
07688 7
07689 7
07690 1
07691 5
07692 2
07693 1
07694 0
07695 3
07696 8
07697 2
07698 1
07699 8
07700 4
07701 0
07702 3
07703 1
07704 2
07705 7
07706 4
07707 4
07708 2
07709 3
07710 7
07711 3
07712 0
07713 3
07714 1
07715 3
07716 7
07717 9
07718 9
07719 1
07720 4
07721 2
07722 4
07723 5
07724 1
07725 7
07726 6
07727 0
07728 4
07729 1
07730 9
07731 2
07732 4
07733 2
07734 4
07735 9
07736 9
07737 6
07738 9
07739 6
07740 3
07741 7
07742 3
07743 5
07744 5
07745 0
07746 8
07747 2
07748 1
07749 2
07750 2
07751 1
07752 5
07753 4
07754 0
07755 0
07756 9
07757 9
07758 6
07759 0
07760 7
07761 0
07762 3
07763 8
07764 3
07765 4
07766 6
07767 8
07768 4
07769 3
07770 4
07771 0
07772 1
07773 6
07774 3
07775 5
07776 8
07777 3
07778 2
07779 4
07780 2
07781 4
07782 8
07783 0
07784 9
07785 9
07786 2
07787 6
07788 8
07789 2
07790 3
07791 9
07792 2
07793 0
07794 6
07795 9
07796 0
07797 6
07798 6
07799 0
07800 2
07801 6
07802 5
07803 4
07804 7
07805 4
07806 6
07807 0
07808 3
07809 4
07810 5
07811 2
07812 5
07813 7
07814 8
07815 4
07816 0
07817 6
07818 9
07819 3
07820 6
07821 5
07822 9
07823 4
07824 4
07825 2
07826 3
07827 2
07828 7
07829 4
07830 7
07831 7
07832 3
07833 4
07834 7
07835 8
07836 0
07837 2
07838 0
07839 4
07840 1
07841 2
07842 5
07843 3
07844 5
07845 1
07846 4
07847 4
07848 3
07849 4
07850 3
07851 9
07852 0
07853 5
07854 3
07855 1
07856 8
07857 9
07858 6
07859 0
07860 3
07861 2
07862 6
07863 4
07864 5
07865 7
07866 0
07867 1
07868 6
07869 0
07870 2
07871 9
07872 8
07873 9
07874 7
07875 9
07876 3
07877 8
07878 7
07879 7
07880 5
07881 9
07882 1
07883 9
07884 5
07885 8
07886 4
07887 6
07888 1
07889 3
07890 0
07891 3
07892 8
07893 1
07894 4
07895 1
07896 2
07897 7
07898 1
07899 9
07900 9
07901 6
07902 0
07903 5
07904 1
07905 0
07906 3
07907 0
07908 2
07909 9
07910 3
07911 4
07912 9
07913 3
07914 1
07915 3
07916 1
07917 9
07918 7
07919 7
07920 5
07921 2
07922 4
07923 2
07924 9
07925 0
07926 7
07927 4
07928 0
07929 8
07930 5
07931 7
07932 3
07933 1
07934 4
07935 0
07936 4
07937 1
07938 7
07939 1
07940 3
07941 4
07942 9
07943 7
07944 4
07945 3
07946 2
07947 1
07948 0
07949 6
07950 1
07951 1
07952 2
07953 5
07954 7
07955 1
07956 9
07957 5
07958 3
07959 6
07960 2
07961 2
07962 3
07963 6
07964 7
07965 4
07966 9
07967 5
07968 8
07969 1
07970 8
07971 9
07972 4
07973 4
07974 2
07975 5
07976 1
07977 2
07978 0
07979 3
07980 3
07981 0
07982 2
07983 6
07984 0
07985 9
07986 3
07987 9
07988 5
07989 8
07990 9
07991 5
07992 8
07993 0
07994 3
07995 7
07996 7
07997 9
07998 5
07999 0
08000 7
08001 7
08002 7
08003 7
08004 9
08005 2
08006 7
08007 0
08008 0
08009 9
08010 5
08011 9
08012 3
08013 5
08014 7
08015 7
08016 6
08017 5
08018 8
08019 6
08020 6
08021 3
08022 4
08023 1
08024 7
08025 7
08026 9
08027 3
08028 5
08029 9
08030 6
08031 4
08032 6
08033 1
08034 4
08035 2
08036 1
08037 5
08038 9
08039 5
08040 6
08041 1
08042 1
08043 4
08044 1
08045 6
08046 3
08047 4
08048 4
08049 3
08050 7
08051 3
08052 7
08053 9
08054 0
08055 5
08056 3
08057 9
08058 0
08059 4
08060 2
08061 6
08062 7
08063 8
08064 8
08065 3
08066 0
08067 9
08068 8
08069 2
08070 9
08071 4
08072 3
08073 1
08074 8
08075 4
08076 7
08077 1
08078 7
08079 5
08080 1
08081 5
08082 9
08083 5
08084 5
08085 8
08086 7
08087 5
08088 3
08089 4
08090 9
08091 6
08092 4
08093 3
08094 4
08095 6
08096 8
08097 0
08098 8
08099 3
08100 1
08101 9
08102 8
08103 9
08104 3
08105 3
08106 0
08107 4
08108 4
08109 6
08110 5
08111 6
08112 3
08113 8
08114 8
08115 0
08116 1
08117 7
08118 8
08119 4
08120 3
08121 2
08122 9
08123 5
08124 8
08125 7
08126 1
08127 2
08128 3
08129 4
08130 5
08131 7
08132 9
08133 0
08134 9
08135 4
08136 4
08137 7
08138 2
08139 0
08140 8
08141 8
08142 2
08143 1
08144 5
08145 6
08146 9
08147 6
08148 5
08149 4
08150 3
08151 3
08152 2
08153 6
08154 7
08155 5
08156 0
08157 1
08158 7
08159 5
08160 9
08161 7
08162 0
08163 8
08164 4
08165 0
08166 9
08167 5
08168 9
08169 8
08170 9
08171 9
08172 9
08173 1
08174 4
08175 3
08176 2
08177 0
08178 9
08179 8
08180 6
08181 8
08182 4
08183 5
08184 0
08185 6
08186 6
08187 0
08188 6
08189 9
08190 0
08191 1
08192 0
08193 3
08194 7
08195 2
08196 7
08197 7
08198 1
08199 9
08200 6
08201 5
08202 3
08203 1
08204 7
08205 3
08206 1
08207 5
08208 6
08209 6
08210 7
08211 4
08212 5
08213 8
08214 8
08215 6
08216 8
08217 0
08218 7
08219 0
08220 3
08221 8
08222 5
08223 7
08224 7
08225 5
08226 0
08227 8
08228 8
08229 2
08230 5
08231 6
08232 0
08233 5
08234 2
08235 2
08236 5
08237 0
08238 1
08239 6
08240 2
08241 4
08242 6
08243 6
08244 3
08245 8
08246 3
08247 4
08248 8
08249 2
08250 8
08251 6
08252 0
08253 0
08254 8
08255 9
08256 4
08257 1
08258 8
08259 6
08260 7
08261 9
08262 8
08263 3
08264 1
08265 7
08266 1
08267 8
08268 9
08269 0
08270 0
08271 8
08272 5
08273 9
08274 1
08275 0
08276 1
08277 2
08278 1
08279 4
08280 3
08281 9
08282 2
08283 7
08284 5
08285 9
08286 0
08287 7
08288 5
08289 8
08290 4
08291 4
08292 2
08293 2
08294 5
08295 0
08296 7
08297 8
08298 6
08299 9
08300 0
08301 6
08302 3
08303 7
08304 0
08305 8
08306 8
08307 7
08308 6
08309 8
08310 7
08311 3
08312 3
08313 9
08314 1
08315 0
08316 4
08317 7
08318 7
08319 8
08320 4
08321 0
08322 2
08323 5
08324 4
08325 5
08326 8
08327 8
08328 6
08329 2
08330 1
08331 7
08332 0
08333 9
08334 6
08335 4
08336 6
08337 7
08338 1
08339 0
08340 1
08341 7
08342 1
08343 4
08344 0
08345 8
08346 1
08347 1
08348 2
08349 8
08350 9
08351 9
08352 0
08353 6
08354 4
08355 3
08356 1
08357 0
08358 0
08359 4
08360 4
08361 2
08362 5
08363 3
08364 6
08365 4
08366 8
08367 0
08368 7
08369 9
08370 2
08371 4
08372 2
08373 7
08374 9
08375 2
08376 0
08377 5
08378 6
08379 0
08380 7
08381 9
08382 7
08383 1
08384 8
08385 2
08386 3
08387 7
08388 8
08389 7
08390 7
08391 5
08392 2
08393 5
08394 9
08395 3
08396 6
08397 5
08398 6
08399 1
08400 5
08401 5
08402 9
08403 1
08404 8
08405 5
08406 0
08407 8
08408 6
08409 2
08410 2
08411 9
08412 5
08413 1
08414 1
08415 9
08416 3
08417 2
08418 9
08419 5
08420 4
08421 2
08422 2
08423 9
08424 5
08425 0
08426 2
08427 8
08428 6
08429 0
08430 9
08431 2
08432 0
08433 8
08434 6
08435 5
08436 5
08437 8
08438 7
08439 9
08440 8
08441 0
08442 9
08443 9
08444 8
08445 1
08446 8
08447 4
08448 7
08449 3
08450 4
08451 5
08452 4
08453 8
08454 3
08455 5
08456 0
08457 3
08458 9
08459 6
08460 0
08461 7
08462 9
08463 7
08464 4
08465 5
08466 1
08467 2
08468 2
08469 6
08470 7
08471 5
08472 3
08473 0
08474 6
08475 5
08476 2
08477 0
08478 5
08479 6
08480 7
08481 2
08482 2
08483 3
08484 9
08485 2
08486 5
08487 6
08488 5
08489 0
08490 4
08491 8
08492 3
08493 5
08494 9
08495 4
08496 3
08497 2
08498 7
08499 4
08500 1
08501 4
08502 0
08503 1
08504 9
08505 6
08506 3
08507 2
08508 8
08509 1
08510 9
08511 2
08512 1
08513 2
08514 9
08515 5
08516 0
08517 3
08518 3
08519 8
08520 3
08521 2
08522 9
08523 9
08524 8
08525 4
08526 9
08527 3
08528 6
08529 1
08530 1
08531 3
08532 9
08533 6
08534 7
08535 8
08536 1
08537 5
08538 9
08539 5
08540 8
08541 6
08542 4
08543 0
08544 8
08545 0
08546 5
08547 4
08548 1
08549 1
08550 7
08551 8
08552 0
08553 8
08554 9
08555 4
08556 4
08557 3
08558 9
08559 6
08560 9
08561 2
08562 4
08563 5
08564 1
08565 9
08566 0
08567 1
08568 9
08569 0
08570 0
08571 0
08572 9
08573 1
08574 7
08575 2
08576 3
08577 5
08578 8
08579 6
08580 6
08581 8
08582 4
08583 8
08584 4
08585 3
08586 6
08587 3
08588 8
08589 3
08590 2
08591 8
08592 8
08593 7
08594 5
08595 8
08596 0
08597 4
08598 8
08599 5
08600 7
08601 0
08602 8
08603 7
08604 9
08605 6
08606 1
08607 5
08608 7
08609 9
08610 5
08611 0
08612 0
08613 4
08614 4
08615 1
08616 9
08617 5
08618 7
08619 0
08620 1
08621 3
08622 8
08623 4
08624 5
08625 1
08626 5
08627 9
08628 7
08629 8
08630 5
08631 8
08632 8
08633 6
08634 0
08635 4
08636 5
08637 2
08638 9
08639 9
08640 0
08641 4
08642 1
08643 3
08644 2
08645 3
08646 4
08647 4
08648 2
08649 5
08650 4
08651 2
08652 1
08653 8
08654 1
08655 5
08656 9
08657 2
08658 8
08659 0
08660 7
08661 0
08662 6
08663 0
08664 3
08665 6
08666 9
08667 4
08668 0
08669 1
08670 1
08671 0
08672 1
08673 2
08674 2
08675 8
08676 9
08677 0
08678 5
08679 5
08680 0
08681 4
08682 8
08683 7
08684 1
08685 4
08686 5
08687 8
08688 6
08689 7
08690 2
08691 2
08692 6
08693 2
08694 4
08695 6
08696 4
08697 3
08698 8
08699 4
08700 5
08701 4
08702 2
08703 8
08704 0
08705 1
08706 7
08707 7
08708 8
08709 2
08710 5
08711 0
08712 5
08713 1
08714 8
08715 6
08716 0
08717 0
08718 5
08719 3
08720 3
08721 3
08722 9
08723 3
08724 5
08725 7
08726 2
08727 1
08728 1
08729 3
08730 1
08731 5
08732 9
08733 5
08734 2
08735 1
08736 3
08737 3
08738 7
08739 1
08740 3
08741 8
08742 3
08743 8
08744 7
08745 4
08746 5
08747 1
08748 2
08749 7
08750 7
08751 6
08752 2
08753 6
08754 8
08755 1
08756 1
08757 2
08758 7
08759 2
08760 4
08761 2
08762 3
08763 7
08764 7
08765 3
08766 0
08767 9
08768 7
08769 4
08770 0
08771 2
08772 1
08773 4
08774 5
08775 8
08776 3
08777 8
08778 5
08779 5
08780 4
08781 0
08782 0
08783 2
08784 9
08785 4
08786 2
08787 5
08788 1
08789 8
08790 7
08791 0
08792 1
08793 8
08794 6
08795 2
08796 1
08797 7
08798 4
08799 7
08800 9
08801 6
08802 1
08803 1
08804 6
08805 6
08806 2
08807 5
08808 4
08809 4
08810 5
08811 8
08812 6
08813 0
08814 6
08815 0
08816 3
08817 6
08818 4
08819 3
08820 1
08821 5
08822 2
08823 0
08824 0
08825 1
08826 0
08827 0
08828 3
08829 7
08830 7
08831 4
08832 2
08833 6
08834 6
08835 0
08836 5
08837 0
08838 4
08839 7
08840 6
08841 0
08842 0
08843 9
08844 5
08845 3
08846 4
08847 0
08848 4
08849 5
08850 1
08851 4
08852 8
08853 3
08854 3
08855 8
08856 7
08857 8
08858 4
08859 3
08860 3
08861 2
08862 1
08863 0
08864 1
08865 9
08866 6
08867 5
08868 9
08869 6
08870 7
08871 6
08872 1
08873 0
08874 3
08875 8
08876 0
08877 3
08878 7
08879 4
08880 0
08881 6
08882 0
08883 8
08884 0
08885 9
08886 8
08887 2
08888 1
08889 2
08890 8
08891 9
08892 8
08893 2
08894 5
08895 2
08896 5
08897 7
08898 0
08899 3
08900 3
08901 0
08902 4
08903 5
08904 0
08905 1
08906 3
08907 6
08908 7
08909 3
08910 7
08911 7
08912 8
08913 6
08914 0
08915 1
08916 9
08917 2
08918 0
08919 5
08920 7
08921 2
08922 0
08923 2
08924 1
08925 4
08926 0
08927 3
08928 5
08929 5
08930 6
08931 9
08932 7
08933 3
08934 9
08935 9
08936 2
08937 5
08938 6
08939 5
08940 6
08941 4
08942 7
08943 0
08944 5
08945 2
08946 1
08947 9
08948 0
08949 5
08950 6
08951 5
08952 8
08953 7
08954 1
08955 5
08956 6
08957 6
08958 2
08959 8
08960 4
08961 9
08962 4
08963 5
08964 1
08965 4
08966 6
08967 2
08968 1
08969 3
08970 3
08971 4
08972 0
08973 5
08974 4
08975 9
08976 1
08977 8
08978 5
08979 0
08980 2
08981 4
08982 8
08983 3
08984 9
08985 3
08986 0
08987 5
08988 6
08989 2
08990 5
08991 8
08992 5
08993 1
08994 7
08995 2
08996 7
08997 1
08998 7
08999 1
09000 9
09001 2
09002 5
09003 1
09004 2
09005 4
09006 9
09007 0
09008 1
09009 2
09010 8
09011 7
09012 6
09013 1
09014 2
09015 0
09016 8
09017 9
09018 1
09019 9
09020 0
09021 1
09022 0
09023 1
09024 4
09025 6
09026 7
09027 8
09028 8
09029 9
09030 0
09031 1
09032 8
09033 5
09034 4
09035 9
09036 9
09037 2
09038 2
09039 4
09040 5
09041 7
09042 7
09043 9
09044 9
09045 7
09046 7
09047 3
09048 9
09049 0
09050 7
09051 6
09052 1
09053 5
09054 5
09055 8
09056 5
09057 7
09058 5
09059 6
09060 5
09061 5
09062 5
09063 1
09064 5
09065 9
09066 4
09067 8
09068 5
09069 6
09070 3
09071 2
09072 6
09073 6
09074 7
09075 4
09076 2
09077 1
09078 0
09079 8
09080 8
09081 1
09082 7
09083 9
09084 2
09085 1
09086 4
09087 2
09088 6
09089 8
09090 2
09091 3
09092 5
09093 5
09094 0
09095 5
09096 1
09097 5
09098 0
09099 9
09100 2
09101 6
09102 1
09103 0
09104 9
09105 6
09106 2
09107 2
09108 2
09109 4
09110 3
09111 1
09112 7
09113 9
09114 4
09115 6
09116 4
09117 2
09118 7
09119 1
09120 1
09121 2
09122 7
09123 4
09124 6
09125 8
09126 7
09127 2
09128 2
09129 6
09130 0
09131 7
09132 5
09133 0
09134 0
09135 2
09136 2
09137 5
09138 8
09139 6
09140 0
09141 8
09142 1
09143 6
09144 9
09145 4
09146 1
09147 4
09148 3
09149 6
09150 7
09151 2
09152 8
09153 6
09154 6
09155 6
09156 1
09157 1
09158 7
09159 5
09160 6
09161 2
09162 5
09163 9
09164 0
09165 9
09166 8
09167 7
09168 6
09169 6
09170 6
09171 1
09172 1
09173 1
09174 8
09175 1
09176 4
09177 8
09178 9
09179 7
09180 2
09181 7
09182 8
09183 0
09184 1
09185 8
09186 6
09187 0
09188 6
09189 8
09190 3
09191 8
09192 5
09193 5
09194 8
09195 7
09196 8
09197 2
09198 8
09199 6
09200 5
09201 1
09202 5
09203 2
09204 3
09205 4
09206 8
09207 3
09208 6
09209 1
09210 8
09211 2
09212 7
09213 4
09214 7
09215 8
09216 2
09217 8
09218 6
09219 4
09220 3
09221 4
09222 2
09223 1
09224 6
09225 1
09226 5
09227 3
09228 4
09229 2
09230 5
09231 2
09232 9
09233 3
09234 7
09235 9
09236 2
09237 2
09238 4
09239 6
09240 0
09241 2
09242 7
09243 6
09244 1
09245 4
09246 7
09247 5
09248 8
09249 8
09250 6
09251 3
09252 3
09253 4
09254 8
09255 5
09256 0
09257 3
09258 5
09259 0
09260 3
09261 1
09262 7
09263 5
09264 5
09265 2
09266 7
09267 9
09268 9
09269 6
09270 9
09271 2
09272 0
09273 3
09274 6
09275 2
09276 1
09277 9
09278 8
09279 1
09280 5
09281 4
09282 3
09283 2
09284 2
09285 5
09286 7
09287 3
09288 4
09289 5
09290 9
09291 4
09292 7
09293 1
09294 5
09295 0
09296 4
09297 3
09298 0
09299 0
09300 9
09301 1
09302 2
09303 8
09304 6
09305 8
09306 1
09307 1
09308 7
09309 5
09310 9
09311 8
09312 2
09313 3
09314 1
09315 4
09316 9
09317 7
09318 6
09319 6
09320 8
09321 2
09322 5
09323 1
09324 1
09325 0
09326 2
09327 1
09328 6
09329 2
09330 2
09331 7
09332 1
09333 5
09334 7
09335 6
09336 7
09337 6
09338 2
09339 2
09340 4
09341 3
09342 6
09343 9
09344 9
09345 7
09346 7
09347 1
09348 0
09349 6
09350 0
09351 2
09352 9
09353 0
09354 8
09355 3
09356 5
09357 5
09358 7
09359 0
09360 0
09361 9
09362 5
09363 6
09364 9
09365 4
09366 8
09367 5
09368 4
09369 3
09370 1
09371 9
09372 8
09373 4
09374 1
09375 7
09376 8
09377 8
09378 4
09379 9
09380 6
09381 8
09382 6
09383 1
09384 0
09385 9
09386 2
09387 8
09388 4
09389 3
09390 4
09391 2
09392 8
09393 6
09394 2
09395 1
09396 4
09397 3
09398 7
09399 8
09400 9
09401 7
09402 5
09403 3
09404 7
09405 9
09406 2
09407 2
09408 1
09409 4
09410 2
09411 8
09412 2
09413 7
09414 7
09415 9
09416 0
09417 7
09418 8
09419 0
09420 4
09421 7
09422 0
09423 7
09424 0
09425 6
09426 1
09427 6
09428 3
09429 1
09430 9
09431 1
09432 4
09433 0
09434 0
09435 5
09436 0
09437 1
09438 6
09439 8
09440 9
09441 4
09442 4
09443 1
09444 2
09445 2
09446 6
09447 9
09448 9
09449 5
09450 7
09451 0
09452 5
09453 7
09454 0
09455 0
09456 4
09457 8
09458 3
09459 2
09460 0
09461 1
09462 1
09463 6
09464 4
09465 5
09466 2
09467 4
09468 9
09469 9
09470 8
09471 8
09472 0
09473 7
09474 8
09475 8
09476 8
09477 5
09478 1
09479 3
09480 6
09481 5
09482 3
09483 6
09484 0
09485 4
09486 5
09487 2
09488 2
09489 1
09490 6
09491 6
09492 2
09493 7
09494 9
09495 2
09496 0
09497 0
09498 2
09499 1
09500 7
09501 5
09502 5
09503 6
09504 6
09505 6
09506 0
09507 4
09508 0
09509 1
09510 2
09511 7
09512 5
09513 0
09514 9
09515 0
09516 7
09517 1
09518 6
09519 5
09520 0
09521 4
09522 7
09523 5
09524 0
09525 5
09526 9
09527 3
09528 1
09529 0
09530 5
09531 8
09532 7
09533 8
09534 1
09535 1
09536 5
09537 5
09538 5
09539 7
09540 7
09541 9
09542 8
09543 8
09544 2
09545 4
09546 9
09547 6
09548 7
09549 3
09550 6
09551 7
09552 7
09553 3
09554 5
09555 4
09556 3
09557 0
09558 4
09559 8
09560 0
09561 0
09562 8
09563 2
09564 7
09565 7
09566 2
09567 8
09568 1
09569 4
09570 2
09571 2
09572 3
09573 8
09574 2
09575 8
09576 5
09577 2
09578 4
09579 9
09580 1
09581 7
09582 5
09583 9
09584 4
09585 5
09586 5
09587 1
09588 4
09589 1
09590 2
09591 0
09592 2
09593 4
09594 2
09595 4
09596 7
09597 4
09598 7
09599 1
09600 2
09601 7
09602 3
09603 4
09604 5
09605 3
09606 8
09607 7
09608 9
09609 8
09610 8
09611 1
09612 5
09613 5
09614 4
09615 3
09616 4
09617 7
09618 9
09619 0
09620 6
09621 4
09622 3
09623 3
09624 9
09625 6
09626 6
09627 7
09628 1
09629 6
09630 4
09631 8
09632 1
09633 2
09634 7
09635 0
09636 5
09637 0
09638 2
09639 6
09640 3
09641 1
09642 0
09643 5
09644 7
09645 5
09646 9
09647 8
09648 3
09649 8
09650 4
09651 3
09652 9
09653 1
09654 0
09655 1
09656 7
09657 2
09658 1
09659 7
09660 4
09661 4
09662 8
09663 2
09664 8
09665 7
09666 7
09667 0
09668 0
09669 0
09670 8
09671 4
09672 2
09673 2
09674 2
09675 7
09676 5
09677 8
09678 4
09679 8
09680 4
09681 2
09682 2
09683 7
09684 0
09685 0
09686 8
09687 7
09688 9
09689 2
09690 0
09691 3
09692 0
09693 3
09694 7
09695 1
09696 6
09697 2
09698 8
09699 3
09700 0
09701 1
09702 2
09703 9
09704 7
09705 7
09706 7
09707 8
09708 1
09709 9
09710 9
09711 6
09712 6
09713 8
09714 9
09715 0
09716 7
09717 3
09718 6
09719 3
09720 3
09721 2
09722 5
09723 6
09724 4
09725 3
09726 0
09727 6
09728 7
09729 8
09730 3
09731 9
09732 4
09733 3
09734 0
09735 3
09736 0
09737 0
09738 5
09739 0
09740 4
09741 7
09742 1
09743 2
09744 0
09745 2
09746 8
09747 7
09748 7
09749 4
09750 0
09751 9
09752 9
09753 0
09754 7
09755 1
09756 4
09757 9
09758 2
09759 0
09760 4
09761 8
09762 5
09763 6
09764 3
09765 6
09766 1
09767 5
09768 6
09769 0
09770 5
09771 6
09772 0
09773 1
09774 1
09775 6
09776 3
09777 0
09778 3
09779 3
09780 0
09781 5
09782 7
09783 4
09784 2
09785 0
09786 2
09787 3
09788 0
09789 0
09790 1
09791 4
09792 4
09793 4
09794 6
09795 2
09796 4
09797 8
09798 9
09799 2
09800 5
09801 7
09802 1
09803 7
09804 6
09805 5
09806 4
09807 5
09808 9
09809 3
09810 1
09811 9
09812 5
09813 9
09814 7
09815 2
09816 1
09817 7
09818 4
09819 8
09820 9
09821 3
09822 2
09823 0
09824 5
09825 1
09826 2
09827 4
09828 1
09829 0
09830 4
09831 8
09832 2
09833 5
09834 3
09835 4
09836 7
09837 1
09838 8
09839 1
09840 7
09841 1
09842 8
09843 2
09844 4
09845 6
09846 7
09847 0
09848 6
09849 5
09850 3
09851 4
09852 0
09853 5
09854 8
09855 6
09856 4
09857 4
09858 6
09859 7
09860 9
09861 1
09862 1
09863 1
09864 1
09865 5
09866 0
09867 6
09868 1
09869 6
09870 0
09871 5
09872 5
09873 0
09874 1
09875 5
09876 3
09877 9
09878 0
09879 5
09880 6
09881 4
09882 6
09883 5
09884 3
09885 9
09886 9
09887 2
09888 0
09889 9
09890 8
09891 9
09892 4
09893 5
09894 2
09895 5
09896 8
09897 0
09898 4
09899 8
09900 8
09901 9
09902 3
09903 7
09904 9
09905 7
09906 1
09907 1
09908 2
09909 0
09910 9
09911 2
09912 9
09913 6
09914 5
09915 7
09916 7
09917 9
09918 8
09919 2
09920 2
09921 9
09922 5
09923 2
09924 4
09925 7
09926 9
09927 2
09928 8
09929 8
09930 9
09931 7
09932 7
09933 1
09934 0
09935 3
09936 5
09937 8
09938 5
09939 4
09940 9
09941 9
09942 7
09943 4
09944 5
09945 4
09946 8
09947 9
09948 3
09949 7
09950 7
09951 8
09952 9
09953 1
09954 2
09955 4
09956 8
09957 9
09958 4
09959 4
09960 7
09961 6
09962 2
09963 2
09964 4
09965 3
09966 4
09967 5
09968 0
09969 8
09970 5
09971 9
09972 6
09973 0
09974 5
09975 0
09976 8
09977 8
09978 7
09979 2
09980 7
09981 4
09982 5
09983 5
09984 5
09985 0
09986 0
09987 6
09988 7
09989 9
09990 7
09991 9
09992 4
09993 8
09994 0
09995 0
09996 6
09997 8
09998 8
09999 1
